analysis/ctd/CerryLk October132_down.txt
* Sea-Bird SBE25 Data File:
* FileName = C:\Documents and Settings\Field User\Desktop\CerryLk October13.hex
* Software Version 1.59
* Temperature SN = 2360
* Conductivity SN = 2021
* System UpLoad Time = Nov 04 2013 09:40:54
** Rim Fire sampling of Cherry Lake Oct 29,2013
* ds
# nquan = 18                                
# nvalues = 5188                        
# units = specified
# name 0 = timeS: Time, Elapsed [seconds]
# name 1 = prSM: Pressure, Strain Gauge [db]
# name 2 = t090C: Temperature [ITS-90, deg C]
# name 3 = c0uS/cm: Conductivity [uS/cm]
# name 4 = bat: Beam Attenuation, Chelsea/Seatech [1/m]
# name 5 = xmiss: Beam Transmission, Chelsea/Seatech [%]
# name 6 = wetStar: Fluorescence, WET Labs WETstar [mg/m^3]
# name 7 = seaTurbMtr: Turbidity, Seapoint [FTU]
# name 8 = sbeox0Mg/L: Oxygen, SBE 43 [mg/l]
# name 9 = par: PAR/Irradiance, Biospherical/Licor
# name 10 = ph: pH
# name 11 = depFM: Depth [fresh water, m], lat = 0
# name 12 = accM: Acceleration [m/s^2], WS = 2
# name 13 = density00: Density [density, kg/m^3]
# name 14 = dz/dtM: Descent Rate [m/s], WS = 2
# name 15 = sal00: Salinity, Practical [PSU]
# name 16 = specc: Specific Conductance [uS/cm]
# span 0 =      0.000,    648.375       
# span 1 =     -3.025,     50.605       
# span 2 =     3.4305,    39.6741       
# span 3 =  -0.001636,  11.293088       
# span 4 =     0.5790,     5.0513       
# span 5 =    28.7598,    86.5242       
# span 6 =    -0.3005,    -0.2863       
# span 7 =      0.918,     21.373       
# span 8 =     2.7118,     7.2153       
# span 9 = 9.9990e+03, 9.9990e+03       
# span 10 =     -2.073,     -1.052      
# span 11 =     -3.085,     51.603      
# span 12 =      -0.37,       1.21      
# span 13 =   992.3416,  1000.1392      
# span 14 =     -0.473,      0.493      
# span 15 =     0.0000,     0.0162      
# span 16 =     -0.002,     14.129      
# span 17 = 0.0000e+00, 0.0000e+00      
# interval = seconds: 0.125
# start_time = Oct 29 2013 16:17:21 [Instrument's time stamp, header]
# bad_flag = -9.990e-29
*END*
283.250000 , -1.810000 , 15.308100 , 7.652424 , 2.075100 , 59.525100 , -0.294200 , 19.927000 , 4.786300 , 9999.000000 , -1.317000 , 1.104000 , 0.020000 , 999.053700 , 0.146000 , 0.010400 , 9.492000
284.562500 , -1.611000 , 15.310650 , 7.520675 , 2.081700 , 59.426350 , -0.294400 , 19.934000 , 4.949050 , 9999.000000 , -1.316000 , 1.307000 , 0.000000 , 999.054150 , 0.148000 , 0.010350 , 9.328000
285.812500 , -1.425000 , 15.312100 , 7.310223 , 2.090750 , 59.291700 , -0.294800 , 19.921000 , 5.027750 , 9999.000000 , -1.314000 , 1.497000 , 0.000000 , 999.054650 , 0.152000 , 0.010300 , 9.066500
287.125000 , -1.230000 , 15.312800 , 7.292927 , 2.096400 , 59.208900 , -0.294600 , 19.918000 , 5.069300 , 9999.000000 , -1.314000 , 1.696000 , 0.000000 , 999.055500 , 0.152000 , 0.010200 , 9.045000
288.437500 , -1.022500 , 15.313200 , 7.234559 , 2.103650 , 59.101800 , -0.294950 , 19.921000 , 5.110300 , 9999.000000 , -1.313000 , 1.907500 , -0.005000 , 999.056350 , 0.150500 , 0.010200 , 8.972500
289.687500 , -0.839500 , 15.313600 , 7.016950 , 2.113900 , 58.950100 , -0.295750 , 19.947500 , 5.174650 , 9999.000000 , -1.311000 , 2.094000 , 0.010000 , 999.057050 , 0.158000 , 0.010100 , 8.702000
291.000000 , -0.631000 , 15.313800 , 7.000003 , 2.126000 , 58.773800 , -0.295300 , 19.956000 , 5.269400 , 9999.000000 , -1.311000 , 2.307000 , -0.020000 , 999.058000 , 0.137000 , 0.010100 , 8.681000
292.375000 , -0.442000 , 15.314700 , 6.919487 , 2.139600 , 58.572900 , -0.294400 , 19.950000 , 5.318500 , 9999.000000 , -1.309000 , 2.499000 , 0.050000 , 999.058800 , 0.160000 , 0.010100 , 8.581000
293.437500 , -0.244000 , 15.316150 , 6.873501 , 2.145600 , 58.485050 , -0.292350 , 19.935000 , 5.343500 , 9999.000000 , -1.307000 , 2.701000 , 0.050000 , 999.059450 , 0.219000 , 0.010100 , 8.524000
294.250000 , -0.053000 , 15.317600 , 6.910911 , 2.154000 , 58.363100 , -0.291200 , 19.950000 , 5.390300 , 9999.000000 , -1.307000 , 2.896000 , -0.030000 , 999.060100 , 0.221000 , 0.010100 , 8.570000
295.187500 , 0.138000 , 15.318150 , 6.832688 , 2.154600 , 58.354450 , -0.295100 , 19.948500 , 5.427100 , 9999.000000 , -1.305000 , 3.091000 , 0.005000 , 999.060850 , 0.205000 , 0.010050 , 8.473000
296.125000 , 0.336000 , 15.318800 , 6.910570 , 2.170300 , 58.125200 , -0.293400 , 19.958000 , 5.492100 , 9999.000000 , -1.303000 , 3.293000 , 0.040000 , 999.061700 , 0.236000 , 0.010100 , 8.569000
296.937500 , 0.542500 , 15.319100 , 6.844854 , 2.176400 , 58.037200 , -0.293350 , 19.973500 , 5.547700 , 9999.000000 , -1.302000 , 3.503000 , 0.010000 , 999.062650 , 0.249500 , 0.010100 , 8.488000
297.687500 , 0.727500 , 15.317900 , 6.823033 , 2.184800 , 57.914200 , -0.295050 , 19.922000 , 5.558200 , 9999.000000 , -1.300000 , 3.692000 , 0.010000 , 999.063700 , 0.257000 , 0.010000 , 8.460500
298.437500 , 0.928000 , 15.317800 , 6.864969 , 2.191550 , 57.816900 , -0.295400 , 19.983000 , 5.580200 , 9999.000000 , -1.301000 , 3.896500 , 0.000000 , 999.064650 , 0.259500 , 0.010100 , 8.512500
299.187500 , 1.116000 , 15.317650 , 6.799086 , 2.196350 , 57.746950 , -0.292050 , 19.995500 , 5.601750 , 9999.000000 , -1.298500 , 4.088000 , 0.020000 , 999.065500 , 0.264500 , 0.010000 , 8.431000
299.937500 , 1.326000 , 15.317950 , 6.777488 , 2.203250 , 57.648650 , -0.293000 , 19.976500 , 5.619250 , 9999.000000 , -1.295500 , 4.302000 , 0.020000 , 999.066450 , 0.283500 , 0.010000 , 8.404500
300.625000 , 1.525000 , 15.318300 , 6.811423 , 2.205900 , 57.609500 , -0.293900 , 19.990000 , 5.632200 , 9999.000000 , -1.296000 , 4.505000 , 0.010000 , 999.067300 , 0.294000 , 0.010000 , 8.446000
301.250000 , 1.709000 , 15.318200 , 6.732629 , 2.211600 , 57.528100 , -0.294500 , 19.992000 , 5.651500 , 9999.000000 , -1.295000 , 4.693000 , -0.010000 , 999.068200 , 0.296000 , 0.010000 , 8.349000
301.937500 , 1.915000 , 15.318100 , 6.765942 , 2.213150 , 57.506500 , -0.295600 , 19.966000 , 5.676050 , 9999.000000 , -1.297000 , 4.902500 , -0.020000 , 999.069200 , 0.282500 , 0.010000 , 8.390000
302.687500 , 2.113500 , 15.318050 , 6.768394 , 2.216150 , 57.463000 , -0.291600 , 19.974000 , 5.708450 , 9999.000000 , -1.297000 , 5.105000 , 0.005000 , 999.070100 , 0.278500 , 0.010000 , 8.393000
303.375000 , 2.316000 , 15.318400 , 6.792209 , 2.219300 , 57.417200 , -0.292100 , 19.978000 , 5.750700 , 9999.000000 , -1.295000 , 5.312000 , -0.010000 , 999.071000 , 0.276000 , 0.010000 , 8.422000
304.062500 , 2.497500 , 15.318550 , 6.793152 , 2.222350 , 57.373800 , -0.294450 , 19.997500 , 5.752750 , 9999.000000 , -1.292500 , 5.497000 , 0.005000 , 999.071800 , 0.272000 , 0.010000 , 8.423500
304.750000 , 2.680000 , 15.318900 , 6.820865 , 2.225600 , 57.326300 , -0.295300 , 19.972000 , 5.731700 , 9999.000000 , -1.292000 , 5.683000 , 0.060000 , 999.072600 , 0.304000 , 0.010000 , 8.458000
305.375000 , 2.896000 , 15.318600 , 6.793458 , 2.227300 , 57.302000 , -0.292700 , 19.966000 , 5.723300 , 9999.000000 , -1.292000 , 5.903000 , 0.040000 , 999.073700 , 0.336000 , 0.010000 , 8.424000
305.937500 , 3.083500 , 15.318300 , 6.878966 , 2.229750 , 57.267850 , -0.295300 , 19.975500 , 5.709450 , 9999.000000 , -1.292500 , 6.094000 , 0.000000 , 999.074600 , 0.342000 , 0.010100 , 8.530000
306.500000 , 3.280000 , 15.318100 , 6.716627 , 2.231600 , 57.240700 , -0.297300 , 19.971000 , 5.698600 , 9999.000000 , -1.290000 , 6.295000 , -0.020000 , 999.075500 , 0.334000 , 0.010000 , 8.329000
307.125000 , 3.487000 , 15.317000 , 6.682820 , 2.230000 , 57.263300 , -0.293800 , 20.013000 , 5.683800 , 9999.000000 , -1.290000 , 6.506000 , -0.050000 , 999.076600 , 0.306000 , 0.010000 , 8.287000
307.812500 , 3.676000 , 15.316300 , 6.819621 , 2.232000 , 57.235550 , -0.293150 , 20.021500 , 5.692100 , 9999.000000 , -1.290000 , 6.698500 , -0.020000 , 999.077700 , 0.284000 , 0.010000 , 8.457000
308.500000 , 3.876000 , 15.316000 , 6.817519 , 2.234200 , 57.203400 , -0.292400 , 20.021000 , 5.702300 , 9999.000000 , -1.289000 , 6.902000 , -0.010000 , 999.078600 , 0.278000 , 0.010000 , 8.454000
309.187500 , 4.061500 , 15.314300 , 6.727349 , 2.235650 , 57.183100 , -0.293000 , 19.940000 , 5.700450 , 9999.000000 , -1.283500 , 7.091500 , -0.005000 , 999.079750 , 0.273500 , 0.010000 , 8.342500
309.937500 , 4.267000 , 15.309750 , 6.704796 , 2.236150 , 57.175900 , -0.293950 , 20.016500 , 5.691650 , 9999.000000 , -1.287000 , 7.301000 , 0.010000 , 999.081400 , 0.279000 , 0.010000 , 8.315500
310.625000 , 4.464000 , 15.305300 , 6.797148 , 2.236800 , 57.167200 , -0.295700 , 20.043000 , 5.677700 , 9999.000000 , -1.283000 , 7.502000 , 0.000000 , 999.083000 , 0.281000 , 0.010000 , 8.431000
311.312500 , 4.653000 , 15.303550 , 6.805608 , 2.238150 , 57.147550 , -0.295900 , 20.024500 , 5.688150 , 9999.000000 , -1.282000 , 7.694500 , 0.010000 , 999.084200 , 0.282000 , 0.010000 , 8.442000
312.000000 , 4.848000 , 15.301600 , 6.719795 , 2.239900 , 57.122300 , -0.296400 , 20.011000 , 5.666500 , 9999.000000 , -1.281000 , 7.894000 , 0.020000 , 999.085400 , 0.296000 , 0.010000 , 8.336000
312.625000 , 5.043000 , 15.295000 , 6.808749 , 2.241200 , 57.103100 , -0.294300 , 20.029000 , 5.654600 , 9999.000000 , -1.278000 , 8.092000 , -0.010000 , 999.087300 , 0.298000 , 0.010000 , 8.448000
313.312500 , 5.241000 , 15.291200 , 6.810912 , 2.242450 , 57.085400 , -0.293700 , 20.039500 , 5.624700 , 9999.000000 , -1.279000 , 8.294500 , -0.040000 , 999.088800 , 0.277500 , 0.010000 , 8.451500
314.062500 , 5.439500 , 15.287700 , 6.788543 , 2.242200 , 57.088850 , -0.294900 , 20.050500 , 5.625100 , 9999.000000 , -1.278000 , 8.497000 , -0.020000 , 999.090300 , 0.254000 , 0.010000 , 8.424000
314.812500 , 5.620500 , 15.284350 , 6.838259 , 2.244600 , 57.054900 , -0.297650 , 20.076000 , 5.632100 , 9999.000000 , -1.278000 , 8.681500 , 0.010000 , 999.091650 , 0.254500 , 0.010000 , 8.487000
315.625000 , 5.837000 , 15.278900 , 6.793336 , 2.244300 , 57.058200 , -0.294100 , 20.040000 , 5.634900 , 9999.000000 , -1.276000 , 8.902000 , 0.030000 , 999.093500 , 0.270000 , 0.010000 , 8.432000
316.312500 , 6.022000 , 15.277900 , 6.808699 , 2.246400 , 57.029500 , -0.294700 , 20.070500 , 5.647850 , 9999.000000 , -1.275000 , 9.090500 , 0.040000 , 999.094500 , 0.293000 , 0.010000 , 8.451500
317.000000 , 6.237000 , 15.277300 , 6.722787 , 2.248400 , 57.000500 , -0.293500 , 20.055000 , 5.664900 , 9999.000000 , -1.275000 , 9.310000 , 0.030000 , 999.095600 , 0.325000 , 0.010000 , 8.345000
317.562500 , 6.430500 , 15.276000 , 6.715826 , 2.248100 , 57.005100 , -0.299100 , 20.058000 , 5.664300 , 9999.000000 , -1.274500 , 9.507000 , -0.015000 , 999.096700 , 0.324500 , 0.010000 , 8.336500
318.125000 , 6.612000 , 15.274700 , 6.766878 , 2.249400 , 56.987500 , -0.296500 , 20.057000 , 5.669900 , 9999.000000 , -1.274000 , 9.692000 , -0.030000 , 999.097800 , 0.309000 , 0.010000 , 8.400000
318.812500 , 6.812000 , 15.272500 , 6.763689 , 2.251350 , 56.959100 , -0.294200 , 20.103500 , 5.675300 , 9999.000000 , -1.272000 , 9.896500 , -0.020000 , 999.099000 , 0.289000 , 0.010000 , 8.396500
319.500000 , 7.010000 , 15.272300 , 6.729290 , 2.251800 , 56.952600 , -0.294300 , 20.087000 , 5.687500 , 9999.000000 , -1.272000 , 10.098000 , -0.010000 , 999.100000 , 0.282000 , 0.010000 , 8.354000
320.187500 , 7.196000 , 15.271900 , 6.787144 , 2.252700 , 56.939250 , -0.292800 , 20.109500 , 5.694500 , 9999.000000 , -1.269000 , 10.288000 , 0.010000 , 999.100900 , 0.283000 , 0.010000 , 8.426000
320.875000 , 7.396000 , 15.271800 , 6.790932 , 2.253700 , 56.924600 , -0.293500 , 20.138000 , 5.701500 , 9999.000000 , -1.269000 , 10.492000 , 0.010000 , 999.101900 , 0.289000 , 0.010000 , 8.431000
321.562500 , 7.595000 , 15.271500 , 6.796693 , 2.255450 , 56.899550 , -0.294800 , 20.145000 , 5.721400 , 9999.000000 , -1.268000 , 10.694500 , 0.000000 , 999.102850 , 0.291000 , 0.010000 , 8.438000
322.250000 , 7.800000 , 15.270800 , 6.768964 , 2.255800 , 56.895900 , -0.297200 , 20.177000 , 5.737600 , 9999.000000 , -1.266000 , 10.904000 , -0.000000 , 999.103900 , 0.289000 , 0.010000 , 8.404000
322.937500 , 7.991500 , 15.269900 , 6.773853 , 2.257150 , 56.876500 , -0.296600 , 20.166500 , 5.746000 , 9999.000000 , -1.265500 , 11.099000 , -0.010000 , 999.104900 , 0.284500 , 0.010000 , 8.410000
323.625000 , 8.189000 , 15.269800 , 6.770453 , 2.258100 , 56.863700 , -0.293000 , 20.082000 , 5.764000 , 9999.000000 , -1.266000 , 11.300000 , 0.000000 , 999.105800 , 0.284000 , 0.010000 , 8.406000
324.312500 , 8.384500 , 15.269600 , 6.728510 , 2.258250 , 56.860600 , -0.294800 , 20.088000 , 5.765850 , 9999.000000 , -1.263000 , 11.500000 , -0.030000 , 999.106800 , 0.266500 , 0.010000 , 8.353500
325.125000 , 8.584000 , 15.268800 , 6.773459 , 2.259500 , 56.842500 , -0.291700 , 20.087000 , 5.751200 , 9999.000000 , -1.265000 , 11.703000 , 0.010000 , 999.107900 , 0.252000 , 0.010000 , 8.409000
325.875000 , 8.768000 , 15.268100 , 6.789458 , 2.260200 , 56.833200 , -0.292700 , 20.184000 , 5.743000 , 9999.000000 , -1.264000 , 11.891000 , 0.110000 , 999.108800 , 0.310000 , 0.010000 , 8.430000
326.437500 , 8.973500 , 15.267950 , 6.736593 , 2.259450 , 56.843350 , -0.293050 , 20.180000 , 5.740850 , 9999.000000 , -1.262500 , 12.100000 , 0.080000 , 999.109800 , 0.367500 , 0.010000 , 8.364000
326.937500 , 9.176000 , 15.267750 , 6.672017 , 2.261450 , 56.815050 , -0.292450 , 20.156000 , 5.741750 , 9999.000000 , -1.263000 , 12.306500 , -0.010000 , 999.110750 , 0.381000 , 0.010000 , 8.284000
327.437500 , 9.365500 , 15.266400 , 6.724322 , 2.262200 , 56.804700 , -0.295150 , 20.205000 , 5.745850 , 9999.000000 , -1.263500 , 12.500000 , -0.040000 , 999.111850 , 0.362000 , 0.010000 , 8.349500
328.000000 , 9.553000 , 15.266300 , 6.669910 , 2.263300 , 56.789200 , -0.293100 , 20.223000 , 5.750200 , 9999.000000 , -1.258000 , 12.691000 , -0.010000 , 999.112700 , 0.345000 , 0.010000 , 8.281000
328.562500 , 9.745500 , 15.265600 , 6.755415 , 2.263250 , 56.791300 , -0.297050 , 20.220500 , 5.764200 , 9999.000000 , -1.258500 , 12.888000 , -0.010000 , 999.113800 , 0.339500 , 0.010000 , 8.387500
329.125000 , 9.946000 , 15.265300 , 6.770448 , 2.263300 , 56.789700 , -0.296500 , 20.206000 , 5.775700 , 9999.000000 , -1.258000 , 13.092000 , -0.030000 , 999.114700 , 0.326000 , 0.010000 , 8.407000
329.812500 , 10.153500 , 15.264650 , 6.736863 , 2.263600 , 56.785200 , -0.295400 , 20.233500 , 5.792750 , 9999.000000 , -1.259500 , 13.304000 , -0.005000 , 999.115800 , 0.316500 , 0.010000 , 8.365000
330.437500 , 10.354000 , 15.263850 , 6.673304 , 2.265150 , 56.761850 , -0.293550 , 20.223500 , 5.801150 , 9999.000000 , -1.261000 , 13.508500 , 0.020000 , 999.116850 , 0.322500 , 0.010000 , 8.286500
331.000000 , 10.537000 , 15.263500 , 6.747366 , 2.265400 , 56.758900 , -0.294800 , 20.266000 , 5.800400 , 9999.000000 , -1.256000 , 13.695000 , 0.020000 , 999.117800 , 0.336000 , 0.010000 , 8.378000
331.562500 , 10.725500 , 15.262000 , 6.793155 , 2.265800 , 56.752900 , -0.291200 , 20.282500 , 5.799850 , 9999.000000 , -1.256000 , 13.887000 , 0.030000 , 999.118900 , 0.350500 , 0.010000 , 8.435500
332.125000 , 10.932000 , 15.260700 , 6.832194 , 2.266400 , 56.745100 , -0.294200 , 20.243000 , 5.802800 , 9999.000000 , -1.257000 , 14.098000 , 0.010000 , 999.120100 , 0.360000 , 0.010000 , 8.484000
332.687500 , 11.135000 , 15.260050 , 6.751942 , 2.266900 , 56.738550 , -0.295750 , 20.265500 , 5.780650 , 9999.000000 , -1.256000 , 14.304500 , -0.015000 , 999.121100 , 0.360000 , 0.010000 , 8.384500
333.187500 , 11.316500 , 15.258650 , 6.845781 , 2.267650 , 56.726850 , -0.296150 , 20.282500 , 5.752150 , 9999.000000 , -1.254000 , 14.490000 , -0.030000 , 999.122150 , 0.345500 , 0.010000 , 8.501500
333.750000 , 11.507000 , 15.257600 , 6.812485 , 2.268400 , 56.716200 , -0.292800 , 20.292000 , 5.738600 , 9999.000000 , -1.254000 , 14.684000 , -0.030000 , 999.123200 , 0.329000 , 0.010000 , 8.460000
334.375000 , 11.700000 , 15.256800 , 6.753958 , 2.268200 , 56.719300 , -0.292800 , 20.294000 , 5.754600 , 9999.000000 , -1.253000 , 14.881000 , -0.000000 , 999.124200 , 0.317000 , 0.010000 , 8.388000
335.000000 , 11.904000 , 15.256300 , 6.772189 , 2.268000 , 56.722000 , -0.293600 , 20.233000 , 5.786400 , 9999.000000 , -1.253000 , 15.089000 , 0.020000 , 999.125300 , 0.324000 , 0.010000 , 8.411000
335.625000 , 12.103000 , 15.256100 , 6.804781 , 2.269500 , 56.701800 , -0.293100 , 20.257000 , 5.813800 , 9999.000000 , -1.251000 , 15.292000 , 0.050000 , 999.126200 , 0.351000 , 0.010000 , 8.451000
336.187500 , 12.310500 , 15.254900 , 6.787640 , 2.270950 , 56.680550 , -0.295100 , 20.264500 , 5.828350 , 9999.000000 , -1.249000 , 15.503000 , 0.035000 , 999.127350 , 0.377000 , 0.010000 , 8.430000
336.687500 , 12.513500 , 15.253800 , 6.791946 , 2.270200 , 56.691400 , -0.294300 , 20.304000 , 5.829800 , 9999.000000 , -1.248000 , 15.710000 , -0.010000 , 999.128500 , 0.381000 , 0.010000 , 8.435500
337.187500 , 12.700000 , 15.253250 , 6.836787 , 2.269750 , 56.696800 , -0.294900 , 20.293500 , 5.832600 , 9999.000000 , -1.246500 , 15.900500 , -0.025000 , 999.129450 , 0.367500 , 0.010000 , 8.491000
337.750000 , 12.893000 , 15.252700 , 6.787316 , 2.270800 , 56.683500 , -0.294600 , 20.305000 , 5.821700 , 9999.000000 , -1.248000 , 16.097000 , -0.020000 , 999.130400 , 0.357000 , 0.010000 , 8.430000
338.312500 , 13.103500 , 15.251750 , 6.767406 , 2.271000 , 56.679900 , -0.293250 , 20.224000 , 5.805300 , 9999.000000 , -1.246500 , 16.312000 , -0.020000 , 999.131550 , 0.345000 , 0.010000 , 8.405500
338.875000 , 13.287000 , 15.250800 , 6.671867 , 2.271400 , 56.674500 , -0.292900 , 20.278000 , 5.795500 , 9999.000000 , -1.245000 , 16.499000 , -0.030000 , 999.132500 , 0.332000 , 0.010000 , 8.287000
339.500000 , 13.493000 , 15.249700 , 6.770214 , 2.272900 , 56.653600 , -0.295300 , 20.278000 , 5.767000 , 9999.000000 , -1.244000 , 16.709000 , 0.000000 , 999.133700 , 0.325000 , 0.010000 , 8.410000
340.125000 , 13.694000 , 15.247800 , 6.739759 , 2.273000 , 56.652600 , -0.291800 , 20.299000 , 5.751300 , 9999.000000 , -1.247000 , 16.914000 , 0.010000 , 999.134900 , 0.329000 , 0.010000 , 8.372000
