analysis/ctd/CerryLk October132_down.txt
* Sea-Bird SBE25 Data File:
* FileName = C:\Documents and Settings\Field User\Desktop\CerryLk October13.hex
* Software Version 1.59
* Temperature SN = 2360
* Conductivity SN = 2021
* System UpLoad Time = Nov 04 2013 09:40:54
** Rim Fire sampling of Cherry Lake Oct 29,2013
* ds
# nquan = 18                                
# nvalues = 5188                        
# units = specified
# name 0 = timeS: Time, Elapsed [seconds]
# name 1 = prSM: Pressure, Strain Gauge [db]
# name 2 = t090C: Temperature [ITS-90, deg C]
# name 3 = c0uS/cm: Conductivity [uS/cm]
# name 4 = bat: Beam Attenuation, Chelsea/Seatech [1/m]
# name 5 = xmiss: Beam Transmission, Chelsea/Seatech [%]
# name 6 = wetStar: Fluorescence, WET Labs WETstar [mg/m^3]
# name 7 = seaTurbMtr: Turbidity, Seapoint [FTU]
# name 8 = sbeox0Mg/L: Oxygen, SBE 43 [mg/l]
# name 9 = par: PAR/Irradiance, Biospherical/Licor
# name 10 = ph: pH
# name 11 = depFM: Depth [fresh water, m], lat = 0
# name 12 = accM: Acceleration [m/s^2], WS = 2
# name 13 = density00: Density [density, kg/m^3]
# name 14 = dz/dtM: Descent Rate [m/s], WS = 2
# name 15 = sal00: Salinity, Practical [PSU]
# name 16 = specc: Specific Conductance [uS/cm]
# span 0 =      0.000,    648.375       
# span 1 =     -3.025,     50.605       
# span 2 =     3.4305,    39.6741       
# span 3 =  -0.001636,  11.293088       
# span 4 =     0.5790,     5.0513       
# span 5 =    28.7598,    86.5242       
# span 6 =    -0.3005,    -0.2863       
# span 7 =      0.918,     21.373       
# span 8 =     2.7118,     7.2153       
# span 9 = 9.9990e+03, 9.9990e+03       
# span 10 =     -2.073,     -1.052      
# span 11 =     -3.085,     51.603      
# span 12 =      -0.37,       1.21      
# span 13 =   992.3416,  1000.1392      
# span 14 =     -0.473,      0.493      
# span 15 =     0.0000,     0.0162      
# span 16 =     -0.002,     14.129      
# span 17 = 0.0000e+00, 0.0000e+00      
# interval = seconds: 0.125
# start_time = Oct 29 2013 16:17:21 [Instrument's time stamp, header]
# bad_flag = -9.990e-29
*END*
[from data line 242]
422.125000 , 45.639000 , 7.368600 , 5.371924 , 2.551300 , 52.844500 , -0.289700 , 19.152000 , 4.967000 , 9999.000000 , -1.377000 , 49.489000 , 0.010000 , 1000.112200 , 0.492000 , 0.006000 , 8.298000
422.500000 , 45.826000 , 7.363300 , 5.329763 , 2.552400 , 52.829600 , -0.293300 , 19.193000 , 4.921300 , 9999.000000 , -1.376000 , 49.680000 , -0.030000 , 1000.113300 , 0.487000 , 0.006000 , 8.233000
422.937500 , 46.040500 , 7.359750 , 5.357858 , 2.554800 , 52.797650 , -0.291600 , 19.218500 , 4.865800 , 9999.000000 , -1.375000 , 49.898000 , -0.045000 , 1000.114550 , 0.469000 , 0.006000 , 8.278000
423.375000 , 46.243000 , 7.357500 , 5.443134 , 2.556100 , 52.781500 , -0.292900 , 19.163000 , 4.828900 , 9999.000000 , -1.373000 , 50.105000 , -0.050000 , 1000.115700 , 0.447000 , 0.006100 , 8.410000
423.812500 , 46.428000 , 7.355450 , 5.412591 , 2.558150 , 52.754550 , -0.291550 , 19.129500 , 4.782500 , 9999.000000 , -1.377000 , 50.293500 , -0.035000 , 1000.116650 , 0.429000 , 0.006000 , 8.363500
424.312500 , 46.635500 , 7.352800 , 5.476319 , 2.559200 , 52.740050 , -0.294400 , 19.140000 , 4.754300 , 9999.000000 , -1.375500 , 50.505000 , -0.010000 , 1000.117850 , 0.419000 , 0.006100 , 8.463000
424.812500 , 46.848000 , 7.352850 , 5.423584 , 2.561900 , 52.704700 , -0.294800 , 19.111000 , 4.736200 , 9999.000000 , -1.374000 , 50.721500 , 0.000000 , 1000.118850 , 0.417000 , 0.006050 , 8.381500
425.250000 , 47.028000 , 7.354300 , 5.393890 , 2.564300 , 52.673000 , -0.294600 , 19.118000 , 4.727600 , 9999.000000 , -1.370000 , 50.905000 , -0.000000 , 1000.119600 , 0.415000 , 0.006000 , 8.335000
425.687500 , 47.209000 , 7.349000 , 5.449033 , 2.564900 , 52.665050 , -0.300000 , 19.123000 , 4.704300 , 9999.000000 , -1.374000 , 51.089500 , 0.005000 , 1000.120800 , 0.416500 , 0.006100 , 8.421500
426.187500 , 47.416500 , 7.341250 , 5.454269 , 2.565600 , 52.656050 , -0.297550 , 19.080000 , 4.674800 , 9999.000000 , -1.373000 , 51.301000 , 0.005000 , 1000.122250 , 0.421000 , 0.006100 , 8.432000
426.625000 , 47.603000 , 7.337900 , 5.423349 , 2.566300 , 52.646000 , -0.293900 , 19.049000 , 4.651300 , 9999.000000 , -1.372000 , 51.492000 , -0.000000 , 1000.123300 , 0.421000 , 0.006000 , 8.385000
427.062500 , 47.790500 , 7.335850 , 5.493084 , 2.568750 , 52.614450 , -0.292500 , 19.027500 , 4.635800 , 9999.000000 , -1.373000 , 51.683000 , -0.010000 , 1000.124350 , 0.418500 , 0.006100 , 8.493000
427.562500 , 47.994000 , 7.332050 , 5.507490 , 2.569500 , 52.604800 , -0.292150 , 18.970000 , 4.611950 , 9999.000000 , -1.372500 , 51.890500 , 0.000000 , 1000.125550 , 0.417000 , 0.006100 , 8.516500
428.062500 , 48.204000 , 7.328300 , 5.449319 , 2.571000 , 52.585050 , -0.290450 , 18.938500 , 4.575550 , 9999.000000 , -1.373000 , 52.104500 , 0.000000 , 1000.126750 , 0.416000 , 0.006050 , 8.427500
428.562500 , 48.413500 , 7.323500 , 5.377261 , 2.571850 , 52.573200 , -0.295950 , 18.881000 , 4.545750 , 9999.000000 , -1.373500 , 52.318000 , 0.010000 , 1000.127950 , 0.419500 , 0.006000 , 8.317500
429.000000 , 48.593000 , 7.320000 , 5.497405 , 2.573300 , 52.553800 , -0.294500 , 18.877000 , 4.509500 , 9999.000000 , -1.371000 , 52.501000 , 0.020000 , 1000.129000 , 0.427000 , 0.006100 , 8.504000
429.437500 , 48.781000 , 7.318950 , 5.514615 , 2.572900 , 52.559900 , -0.296550 , 18.885500 , 4.471650 , 9999.000000 , -1.372500 , 52.692500 , 0.030000 , 1000.130050 , 0.438500 , 0.006100 , 8.531000
429.875000 , 48.981000 , 7.317500 , 5.528647 , 2.569700 , 52.602200 , -0.295200 , 18.842000 , 4.435600 , 9999.000000 , -1.372000 , 52.897000 , 0.020000 , 1000.131100 , 0.448000 , 0.006100 , 8.553000
430.312500 , 49.179000 , 7.315300 , 5.520890 , 2.573000 , 52.558200 , -0.293850 , 18.747500 , 4.404750 , 9999.000000 , -1.369000 , 53.098500 , -0.010000 , 1000.132150 , 0.448000 , 0.006100 , 8.542000
430.750000 , 49.375000 , 7.310400 , 5.461012 , 2.574800 , 52.533800 , -0.294700 , 18.720000 , 4.404000 , 9999.000000 , -1.369000 , 53.298000 , -0.010000 , 1000.133300 , 0.443000 , 0.006100 , 8.450000
431.187500 , 49.564000 , 7.306250 , 5.472720 , 2.575000 , 52.531450 , -0.295050 , 18.606500 , 4.406050 , 9999.000000 , -1.373500 , 53.491500 , -0.005000 , 1000.134450 , 0.439000 , 0.006050 , 8.469500
431.687500 , 49.784500 , 7.303650 , 5.560933 , 2.576350 , 52.514100 , -0.294000 , 18.611500 , 4.395650 , 9999.000000 , -1.371000 , 53.716000 , 0.010000 , 1000.135700 , 0.442000 , 0.006100 , 8.607000
432.125000 , 49.976000 , 7.303000 , 5.630625 , 2.578400 , 52.487100 , -0.296700 , 18.615000 , 4.352700 , 9999.000000 , -1.371000 , 53.911000 , 0.020000 , 1000.136700 , 0.451000 , 0.006100 , 8.715000
432.500000 , 50.147000 , 7.302700 , 5.531466 , 2.583100 , 52.425500 , -0.291700 , 18.567000 , 4.292300 , 9999.000000 , -1.371000 , 54.086000 , -0.040000 , 1000.137500 , 0.448000 , 0.006100 , 8.562000
432.937500 , 50.353000 , 7.301650 , 5.522530 , 2.626800 , 51.856650 , -0.292250 , 18.523500 , 4.226900 , 9999.000000 , -1.371500 , 54.295500 , -0.195000 , 1000.138550 , 0.387000 , 0.006100 , 8.548000
