analysis/ctd/CerryLk October132_down.txt
* Sea-Bird SBE25 Data File:
* FileName = C:\Documents and Settings\Field User\Desktop\CerryLk October13.hex
* Software Version 1.59
* Temperature SN = 2360
* Conductivity SN = 2021
* System UpLoad Time = Nov 04 2013 09:40:54
** Rim Fire sampling of Cherry Lake Oct 29,2013
* ds
# nquan = 18                                
# nvalues = 5188                        
# units = specified
# name 0 = timeS: Time, Elapsed [seconds]
# name 1 = prSM: Pressure, Strain Gauge [db]
# name 2 = t090C: Temperature [ITS-90, deg C]
# name 3 = c0uS/cm: Conductivity [uS/cm]
# name 4 = bat: Beam Attenuation, Chelsea/Seatech [1/m]
# name 5 = xmiss: Beam Transmission, Chelsea/Seatech [%]
# name 6 = wetStar: Fluorescence, WET Labs WETstar [mg/m^3]
# name 7 = seaTurbMtr: Turbidity, Seapoint [FTU]
# name 8 = sbeox0Mg/L: Oxygen, SBE 43 [mg/l]
# name 9 = par: PAR/Irradiance, Biospherical/Licor
# name 10 = ph: pH
# name 11 = depFM: Depth [fresh water, m], lat = 0
# name 12 = accM: Acceleration [m/s^2], WS = 2
# name 13 = density00: Density [density, kg/m^3]
# name 14 = dz/dtM: Descent Rate [m/s], WS = 2
# name 15 = sal00: Salinity, Practical [PSU]
# name 16 = specc: Specific Conductance [uS/cm]
# span 0 =      0.000,    648.375       
# span 1 =     -3.025,     50.605       
# span 2 =     3.4305,    39.6741       
# span 3 =  -0.001636,  11.293088       
# span 4 =     0.5790,     5.0513       
# span 5 =    28.7598,    86.5242       
# span 6 =    -0.3005,    -0.2863       
# span 7 =      0.918,     21.373       
# span 8 =     2.7118,     7.2153       
# span 9 = 9.9990e+03, 9.9990e+03       
# span 10 =     -2.073,     -1.052      
# span 11 =     -3.085,     51.603      
# span 12 =      -0.37,       1.21      
# span 13 =   992.3416,  1000.1392      
# span 14 =     -0.473,      0.493      
# span 15 =     0.0000,     0.0162      
# span 16 =     -0.002,     14.129      
# span 17 = 0.0000e+00, 0.0000e+00      
# interval = seconds: 0.125
# start_time = Oct 29 2013 16:17:21 [Instrument's time stamp, header]
# bad_flag = -9.990e-29
*END*
[from data line 81]
341.250000 , 14.082000 , 15.244900 , 6.722274 , 2.273200 , 56.649100 , -0.298000 , 20.291000 , 5.761700 , 9999.000000 , -1.242000 , 17.310000 , -0.010000 , 999.137200 , 0.337000 , 0.010000 , 8.351000
341.875000 , 14.282000 , 15.245100 , 6.702122 , 2.273200 , 56.649300 , -0.294900 , 20.273000 , 5.772300 , 9999.000000 , -1.243000 , 17.514000 , -0.030000 , 999.138000 , 0.324000 , 0.010000 , 8.326000
342.500000 , 14.482000 , 15.244600 , 6.747213 , 2.272900 , 56.653500 , -0.297800 , 20.316000 , 5.786200 , 9999.000000 , -1.242000 , 17.718000 , -0.000000 , 999.139100 , 0.310000 , 0.010000 , 8.382000
343.125000 , 14.669000 , 15.243600 , 6.692697 , 2.273300 , 56.647600 , -0.294600 , 20.338000 , 5.807000 , 9999.000000 , -1.242000 , 17.908000 , 0.020000 , 999.140100 , 0.318000 , 0.010000 , 8.314000
343.687500 , 14.849500 , 15.242700 , 6.827552 , 2.274050 , 56.636300 , -0.293600 , 20.317500 , 5.826750 , 9999.000000 , -1.242000 , 18.092000 , 0.065000 , 999.141100 , 0.344500 , 0.010000 , 8.482000
344.187500 , 15.033000 , 15.242000 , 6.791316 , 2.274700 , 56.627750 , -0.294100 , 20.318500 , 5.830850 , 9999.000000 , -1.240500 , 18.279500 , 0.060000 , 999.142050 , 0.378500 , 0.010000 , 8.437500
344.687500 , 15.232000 , 15.240950 , 6.696044 , 2.274700 , 56.627200 , -0.297950 , 20.313500 , 5.816200 , 9999.000000 , -1.240000 , 18.482500 , 0.025000 , 999.143150 , 0.397500 , 0.010000 , 8.319000
345.187500 , 15.437000 , 15.238750 , 6.810555 , 2.274700 , 56.627200 , -0.292900 , 20.331000 , 5.805450 , 9999.000000 , -1.240500 , 18.691500 , -0.015000 , 999.144450 , 0.396000 , 0.010000 , 8.462000
345.687500 , 15.635000 , 15.237400 , 6.732126 , 2.274700 , 56.627200 , -0.294200 , 20.353000 , 5.792850 , 9999.000000 , -1.237000 , 18.893500 , -0.040000 , 999.145550 , 0.377500 , 0.010000 , 8.365000
346.250000 , 15.837000 , 15.236900 , 6.725262 , 2.275000 , 56.623800 , -0.294000 , 20.353000 , 5.794900 , 9999.000000 , -1.238000 , 19.099000 , -0.030000 , 999.146600 , 0.356000 , 0.010000 , 8.356000
346.812500 , 16.032000 , 15.235450 , 6.772292 , 2.275050 , 56.622400 , -0.292450 , 20.318500 , 5.798150 , 9999.000000 , -1.239000 , 19.298500 , -0.005000 , 999.147750 , 0.346000 , 0.010000 , 8.415000
347.375000 , 16.224000 , 15.234100 , 6.826329 , 2.276000 , 56.609700 , -0.291700 , 20.371000 , 5.786100 , 9999.000000 , -1.238000 , 19.494000 , 0.010000 , 999.148800 , 0.351000 , 0.010000 , 8.482000
347.937500 , 16.423500 , 15.232050 , 6.697363 , 2.275950 , 56.609250 , -0.293300 , 20.323000 , 5.769750 , 9999.000000 , -1.238000 , 19.697000 , 0.020000 , 999.150050 , 0.359000 , 0.009950 , 8.322500
348.437500 , 16.606500 , 15.230550 , 6.714619 , 2.276200 , 56.606750 , -0.295700 , 20.326500 , 5.750950 , 9999.000000 , -1.234000 , 19.884000 , 0.000000 , 999.151150 , 0.362000 , 0.010000 , 8.344500
349.000000 , 16.812000 , 15.228200 , 6.824911 , 2.276300 , 56.604900 , -0.295800 , 20.369000 , 5.799700 , 9999.000000 , -1.232000 , 20.093000 , -0.010000 , 999.152500 , 0.357000 , 0.010000 , 8.482000
349.562500 , 17.007000 , 15.226050 , 6.694834 , 2.276950 , 56.595200 , -0.292900 , 20.419000 , 5.847600 , 9999.000000 , -1.233000 , 20.292500 , -0.010000 , 999.153700 , 0.353000 , 0.009950 , 8.320500
350.125000 , 17.208000 , 15.224900 , 6.786099 , 2.276900 , 56.596700 , -0.295700 , 20.425000 , 5.899700 , 9999.000000 , -1.234000 , 20.497000 , -0.010000 , 999.154800 , 0.346000 , 0.010000 , 8.434000
350.750000 , 17.420000 , 15.222600 , 6.868488 , 2.276600 , 56.599900 , -0.296800 , 20.405000 , 5.935400 , 9999.000000 , -1.232000 , 20.713000 , -0.030000 , 999.156200 , 0.329000 , 0.010000 , 8.537000
351.375000 , 17.621000 , 15.218700 , 6.724665 , 2.277800 , 56.583500 , -0.293800 , 20.384000 , 5.984400 , 9999.000000 , -1.231000 , 20.918000 , -0.010000 , 999.157700 , 0.313000 , 0.010000 , 8.359000
352.000000 , 17.805000 , 15.210400 , 6.776781 , 2.277500 , 56.586800 , -0.295800 , 20.440000 , 6.065200 , 9999.000000 , -1.232000 , 21.106000 , 0.030000 , 999.159800 , 0.321000 , 0.010000 , 8.426000
352.562500 , 17.996000 , 14.972450 , 6.723353 , 2.277550 , 56.586900 , -0.295100 , 20.464000 , 6.128700 , 9999.000000 , -1.236000 , 21.300500 , 0.050000 , 999.196850 , 0.346000 , 0.009900 , 8.418500
353.062500 , 18.174500 , 14.392600 , 6.809016 , 2.279300 , 56.561850 , -0.295800 , 20.453000 , 6.176450 , 9999.000000 , -1.252500 , 21.483000 , 0.025000 , 999.283050 , 0.365500 , 0.009700 , 8.642000
353.625000 , 18.387000 , 13.927800 , 6.739727 , 2.285300 , 56.478000 , -0.293200 , 20.472000 , 6.207000 , 9999.000000 , -1.267000 , 21.700000 , 0.020000 , 999.349600 , 0.376000 , 0.009500 , 8.674000
354.187500 , 18.599000 , 13.472100 , 6.540990 , 2.290950 , 56.397500 , -0.293350 , 20.487500 , 6.269150 , 9999.000000 , -1.277500 , 21.915500 , 0.010000 , 999.412200 , 0.384500 , 0.009250 , 8.500000
354.687500 , 18.795500 , 13.251200 , 6.408250 , 2.297050 , 56.312400 , -0.296050 , 20.562000 , 6.310100 , 9999.000000 , -1.285000 , 22.116000 , 0.000000 , 999.442100 , 0.387500 , 0.009100 , 8.381000
355.187500 , 18.991500 , 13.068450 , 6.234000 , 2.302200 , 56.239750 , -0.293800 , 20.592500 , 6.340000 , 9999.000000 , -1.287500 , 22.316000 , -0.020000 , 999.466500 , 0.380500 , 0.008950 , 8.187000
355.687500 , 19.177500 , 12.924750 , 6.031940 , 2.307150 , 56.170250 , -0.292150 , 20.654000 , 6.325850 , 9999.000000 , -1.292000 , 22.506000 , 0.000000 , 999.485500 , 0.375500 , 0.008800 , 7.947000
356.187500 , 19.358000 , 12.743450 , 5.990220 , 2.312000 , 56.102350 , -0.293900 , 20.708500 , 6.266200 , 9999.000000 , -1.295500 , 22.689500 , 0.020000 , 999.509000 , 0.381000 , 0.008700 , 7.935000
356.687500 , 19.556000 , 12.571900 , 5.768045 , 2.317100 , 56.030450 , -0.291900 , 20.761500 , 6.210150 , 9999.000000 , -1.300500 , 22.891500 , 0.005000 , 999.530850 , 0.387500 , 0.008500 , 7.678000
357.187500 , 19.757500 , 12.470900 , 5.797897 , 2.320800 , 55.978350 , -0.294750 , 20.831500 , 6.184450 , 9999.000000 , -1.303500 , 23.097000 , -0.020000 , 999.544050 , 0.382500 , 0.008500 , 7.736000
357.750000 , 19.962000 , 12.423800 , 5.813802 , 2.326300 , 55.901000 , -0.292400 , 20.873000 , 6.190300 , 9999.000000 , -1.304000 , 23.306000 , -0.020000 , 999.550700 , 0.370000 , 0.008500 , 7.762000
358.312500 , 20.168000 , 12.241750 , 5.705337 , 2.331450 , 55.830550 , -0.293100 , 20.929000 , 6.210450 , 9999.000000 , -1.306000 , 23.515500 , 0.000000 , 999.573200 , 0.367500 , 0.008350 , 7.659000
358.812500 , 20.353500 , 12.155150 , 5.687857 , 2.335700 , 55.769650 , -0.293150 , 20.956000 , 6.211750 , 9999.000000 , -1.309000 , 23.705000 , -0.005000 , 999.584200 , 0.367500 , 0.008300 , 7.652000
359.312500 , 20.537500 , 12.063700 , 5.536342 , 2.339350 , 55.719150 , -0.291650 , 20.977500 , 6.207000 , 9999.000000 , -1.309000 , 23.892000 , -0.030000 , 999.595600 , 0.357500 , 0.008200 , 7.470500
359.875000 , 20.736000 , 11.961300 , 5.590548 , 2.343300 , 55.663400 , -0.291400 , 21.004000 , 6.188200 , 9999.000000 , -1.313000 , 24.095000 , 0.000000 , 999.608300 , 0.350000 , 0.008200 , 7.562000
360.437500 , 20.920000 , 11.898700 , 5.583201 , 2.347750 , 55.602500 , -0.294050 , 21.051500 , 6.129250 , 9999.000000 , -1.315000 , 24.282500 , 0.045000 , 999.616200 , 0.366500 , 0.008200 , 7.564500
360.937500 , 21.115500 , 11.845800 , 5.549192 , 2.350750 , 55.561450 , -0.294550 , 21.094000 , 6.052200 , 9999.000000 , -1.315000 , 24.482000 , 0.060000 , 999.623150 , 0.395500 , 0.008100 , 7.529500
361.437500 , 21.326000 , 11.793050 , 5.499114 , 2.353450 , 55.522700 , -0.291650 , 21.079500 , 5.980000 , 9999.000000 , -1.316000 , 24.696500 , 0.025000 , 999.630000 , 0.415000 , 0.008100 , 7.472500
361.937500 , 21.534500 , 11.742650 , 5.458692 , 2.357500 , 55.467200 , -0.294650 , 21.104000 , 5.926000 , 9999.000000 , -1.316500 , 24.909000 , 0.000000 , 999.636600 , 0.418000 , 0.008000 , 7.429500
362.375000 , 21.716000 , 11.713800 , 5.473383 , 2.360100 , 55.430900 , -0.292900 , 21.128000 , 5.924400 , 9999.000000 , -1.316000 , 25.094000 , 0.010000 , 999.640700 , 0.421000 , 0.008000 , 7.454000
362.812500 , 21.900000 , 11.652550 , 5.432310 , 2.362000 , 55.404950 , -0.295050 , 21.143000 , 5.925700 , 9999.000000 , -1.319000 , 25.281500 , -0.005000 , 999.648300 , 0.420500 , 0.008000 , 7.411500
363.312500 , 22.118000 , 11.601450 , 5.480606 , 2.365200 , 55.360900 , -0.295200 , 21.163000 , 5.930250 , 9999.000000 , -1.316500 , 25.504500 , -0.030000 , 999.654950 , 0.409000 , 0.008000 , 7.486000
363.812500 , 22.315000 , 11.536850 , 5.450548 , 2.368250 , 55.317100 , -0.294750 , 21.170000 , 5.914600 , 9999.000000 , -1.319000 , 25.705000 , -0.035000 , 999.662900 , 0.390000 , 0.007900 , 7.459500
364.312500 , 22.501500 , 11.493750 , 5.396021 , 2.370700 , 55.284100 , -0.293300 , 21.171000 , 5.887500 , 9999.000000 , -1.318000 , 25.895000 , 0.005000 , 999.668400 , 0.383500 , 0.007900 , 7.392500
364.812500 , 22.689500 , 11.459250 , 5.337248 , 2.374950 , 55.226550 , -0.296550 , 21.184500 , 5.846650 , 9999.000000 , -1.319000 , 26.087000 , 0.030000 , 999.673000 , 0.394000 , 0.007900 , 7.318500
365.312500 , 22.896000 , 11.412250 , 5.384830 , 2.377250 , 55.194350 , -0.296500 , 21.184000 , 5.791450 , 9999.000000 , -1.320000 , 26.297500 , 0.020000 , 999.679050 , 0.407000 , 0.007900 , 7.392500
365.812500 , 23.102000 , 11.361800 , 5.279280 , 2.379550 , 55.162950 , -0.293550 , 21.191000 , 5.734150 , 9999.000000 , -1.322000 , 26.507500 , -0.015000 , 999.685300 , 0.406000 , 0.007800 , 7.258000
366.312500 , 23.306000 , 11.317300 , 5.377499 , 2.382350 , 55.123200 , -0.289650 , 21.172500 , 5.695200 , 9999.000000 , -1.322500 , 26.715500 , -0.035000 , 999.691100 , 0.392500 , 0.007800 , 7.403000
366.812500 , 23.496000 , 11.267750 , 5.350072 , 2.384750 , 55.089800 , -0.291200 , 21.167500 , 5.668000 , 9999.000000 , -1.320000 , 26.909500 , -0.055000 , 999.697200 , 0.368500 , 0.007800 , 7.372500
367.375000 , 23.698000 , 11.224800 , 5.309236 , 2.386400 , 55.067500 , -0.294400 , 21.182000 , 5.673300 , 9999.000000 , -1.322000 , 27.115000 , -0.040000 , 999.702600 , 0.339000 , 0.007700 , 7.328000
368.000000 , 23.892000 , 11.158100 , 5.319212 , 2.388600 , 55.038000 , -0.295200 , 21.189000 , 5.678700 , 9999.000000 , -1.321000 , 27.313000 , 0.010000 , 999.710500 , 0.332000 , 0.007700 , 7.352000
368.562500 , 24.082000 , 11.087850 , 5.257014 , 2.390050 , 55.017950 , -0.294700 , 21.180500 , 5.686800 , 9999.000000 , -1.325000 , 27.506500 , 0.060000 , 999.718650 , 0.360000 , 0.007650 , 7.285500
369.062500 , 24.272500 , 11.033000 , 5.270072 , 2.392750 , 54.981400 , -0.296400 , 21.181000 , 5.698950 , 9999.000000 , -1.325500 , 27.701000 , 0.060000 , 999.725150 , 0.392500 , 0.007600 , 7.313500
369.562500 , 24.477000 , 10.970550 , 5.320415 , 2.394350 , 54.957900 , -0.296100 , 21.187000 , 5.704550 , 9999.000000 , -1.324500 , 27.909500 , 0.040000 , 999.732500 , 0.416000 , 0.007600 , 7.393000
370.000000 , 24.665000 , 10.937800 , 5.191751 , 2.395900 , 54.936700 , -0.294500 , 21.169000 , 5.702500 , 9999.000000 , -1.325000 , 28.101000 , 0.010000 , 999.736600 , 0.425000 , 0.007600 , 7.221000
370.437500 , 24.854500 , 10.889800 , 5.296233 , 2.397100 , 54.919950 , -0.292350 , 21.195000 , 5.703400 , 9999.000000 , -1.326000 , 28.294500 , -0.015000 , 999.742400 , 0.422000 , 0.007600 , 7.377000
370.937500 , 25.064500 , 10.845750 , 5.148524 , 2.398900 , 54.895850 , -0.297300 , 21.196500 , 5.704550 , 9999.000000 , -1.327000 , 28.509000 , -0.030000 , 999.747750 , 0.407000 , 0.007500 , 7.181000
371.437500 , 25.261500 , 10.792300 , 5.161759 , 2.400400 , 54.875100 , -0.294400 , 21.220500 , 5.710200 , 9999.000000 , -1.329000 , 28.710000 , -0.025000 , 999.754000 , 0.391500 , 0.007500 , 7.210000
371.937500 , 25.452500 , 10.749100 , 5.199352 , 2.402700 , 54.843950 , -0.293750 , 21.209500 , 5.697650 , 9999.000000 , -1.330000 , 28.904000 , 0.015000 , 999.759150 , 0.391000 , 0.007500 , 7.272500
372.437500 , 25.644500 , 10.704950 , 5.223323 , 2.405200 , 54.809000 , -0.293850 , 21.238500 , 5.654200 , 9999.000000 , -1.331000 , 29.100000 , 0.020000 , 999.764450 , 0.402500 , 0.007500 , 7.312500
372.937500 , 25.857000 , 10.646250 , 5.192250 , 2.406750 , 54.787700 , -0.295700 , 21.234500 , 5.625600 , 9999.000000 , -1.332000 , 29.316500 , 0.005000 , 999.771150 , 0.409500 , 0.007400 , 7.279500
373.375000 , 26.039000 , 10.602100 , 5.218117 , 2.408500 , 54.764600 , -0.296400 , 21.263000 , 5.617800 , 9999.000000 , -1.333000 , 29.502000 , -0.030000 , 999.776300 , 0.402000 , 0.007400 , 7.328000
373.875000 , 26.238000 , 10.553400 , 5.209847 , 2.409500 , 54.750800 , -0.294500 , 21.285000 , 5.613800 , 9999.000000 , -1.334000 , 29.705000 , -0.030000 , 999.781900 , 0.382000 , 0.007400 , 7.326000
374.437500 , 26.437500 , 10.503600 , 5.124832 , 2.412350 , 54.712100 , -0.293000 , 21.263500 , 5.623250 , 9999.000000 , -1.334500 , 29.909000 , -0.020000 , 999.787550 , 0.369000 , 0.007300 , 7.215500
374.937500 , 26.626000 , 10.457550 , 5.013214 , 2.414250 , 54.685700 , -0.297050 , 21.272500 , 5.632750 , 9999.000000 , -1.335000 , 30.101000 , 0.015000 , 999.792800 , 0.368000 , 0.007300 , 7.069000
375.437500 , 26.807000 , 10.417850 , 5.113859 , 2.417350 , 54.643350 , -0.297550 , 21.242500 , 5.657750 , 9999.000000 , -1.335000 , 30.285500 , 0.040000 , 999.797450 , 0.383500 , 0.007300 , 7.218500
375.937500 , 26.999000 , 10.378400 , 5.198927 , 2.416800 , 54.651500 , -0.293800 , 21.240500 , 5.680200 , 9999.000000 , -1.336000 , 30.481500 , 0.070000 , 999.802050 , 0.412500 , 0.007300 , 7.347500
376.437500 , 27.216500 , 10.344250 , 5.101987 , 2.418300 , 54.629800 , -0.290800 , 21.216500 , 5.697500 , 9999.000000 , -1.337000 , 30.703000 , 0.065000 , 999.806250 , 0.447500 , 0.007300 , 7.218000
376.875000 , 27.425000 , 10.315400 , 5.122067 , 2.419400 , 54.615000 , -0.293900 , 21.134000 , 5.709500 , 9999.000000 , -1.337000 , 30.916000 , 0.010000 , 999.810000 , 0.462000 , 0.007300 , 7.251000
377.250000 , 27.604000 , 10.291700 , 5.091445 , 2.420100 , 54.605400 , -0.297200 , 21.095000 , 5.723100 , 9999.000000 , -1.335000 , 31.098000 , -0.010000 , 999.813000 , 0.459000 , 0.007200 , 7.213000
377.687500 , 27.800500 , 10.274150 , 5.063298 , 2.421850 , 54.582950 , -0.293350 , 21.098500 , 5.738550 , 9999.000000 , -1.337000 , 31.299000 , -0.030000 , 999.815550 , 0.448000 , 0.007200 , 7.176000
378.125000 , 27.990000 , 10.258600 , 5.161239 , 2.421700 , 54.584200 , -0.295500 , 21.125000 , 5.745200 , 9999.000000 , -1.338000 , 31.492000 , -0.020000 , 999.817900 , 0.438000 , 0.007200 , 7.319000
378.562500 , 28.182000 , 10.244150 , 5.095153 , 2.423750 , 54.556750 , -0.296950 , 21.137500 , 5.729900 , 9999.000000 , -1.336000 , 31.687500 , 0.000000 , 999.820150 , 0.435000 , 0.007200 , 7.227500
379.062500 , 28.397000 , 10.224600 , 5.095256 , 2.425500 , 54.531900 , -0.294700 , 21.168500 , 5.700400 , 9999.000000 , -1.336000 , 31.906500 , 0.000000 , 999.822950 , 0.434500 , 0.007200 , 7.232000
379.500000 , 28.589000 , 10.197000 , 5.072290 , 2.427700 , 54.501900 , -0.295400 , 21.180000 , 5.677700 , 9999.000000 , -1.337000 , 32.103000 , 0.010000 , 999.826400 , 0.437000 , 0.007200 , 7.205000
379.937500 , 28.778000 , 10.161600 , 5.167876 , 2.428100 , 54.497050 , -0.295250 , 21.199000 , 5.679650 , 9999.000000 , -1.338000 , 32.295500 , 0.010000 , 999.830550 , 0.442000 , 0.007200 , 7.347000
380.375000 , 28.974000 , 10.119100 , 5.094730 , 2.429500 , 54.478400 , -0.294600 , 21.192000 , 5.684100 , 9999.000000 , -1.339000 , 32.495000 , 0.010000 , 999.835300 , 0.447000 , 0.007200 , 7.253000
380.812500 , 29.172500 , 10.088450 , 5.095492 , 2.430750 , 54.460900 , -0.294400 , 21.200000 , 5.681400 , 9999.000000 , -1.338500 , 32.698000 , -0.015000 , 999.839000 , 0.446000 , 0.007100 , 7.262000
381.250000 , 29.371000 , 10.049300 , 5.046448 , 2.432100 , 54.442300 , -0.296300 , 21.190000 , 5.660000 , 9999.000000 , -1.338000 , 32.900000 , -0.040000 , 999.843400 , 0.433000 , 0.007100 , 7.201000
