analysis/ctd/CerryLk October132_down.txt
* Sea-Bird SBE25 Data File:
* FileName = C:\Documents and Settings\Field User\Desktop\CerryLk October13.hex
* Software Version 1.59
* Temperature SN = 2360
* Conductivity SN = 2021
* System UpLoad Time = Nov 04 2013 09:40:54
** Rim Fire sampling of Cherry Lake Oct 29,2013
* ds
# nquan = 18                                
# nvalues = 5188                        
# units = specified
# name 0 = timeS: Time, Elapsed [seconds]
# name 1 = prSM: Pressure, Strain Gauge [db]
# name 2 = t090C: Temperature [ITS-90, deg C]
# name 3 = c0uS/cm: Conductivity [uS/cm]
# name 4 = bat: Beam Attenuation, Chelsea/Seatech [1/m]
# name 5 = xmiss: Beam Transmission, Chelsea/Seatech [%]
# name 6 = wetStar: Fluorescence, WET Labs WETstar [mg/m^3]
# name 7 = seaTurbMtr: Turbidity, Seapoint [FTU]
# name 8 = sbeox0Mg/L: Oxygen, SBE 43 [mg/l]
# name 9 = par: PAR/Irradiance, Biospherical/Licor
# name 10 = ph: pH
# name 11 = depFM: Depth [fresh water, m], lat = 0
# name 12 = accM: Acceleration [m/s^2], WS = 2
# name 13 = density00: Density [density, kg/m^3]
# name 14 = dz/dtM: Descent Rate [m/s], WS = 2
# name 15 = sal00: Salinity, Practical [PSU]
# name 16 = specc: Specific Conductance [uS/cm]
# span 0 =      0.000,    648.375       
# span 1 =     -3.025,     50.605       
# span 2 =     3.4305,    39.6741       
# span 3 =  -0.001636,  11.293088       
# span 4 =     0.5790,     5.0513       
# span 5 =    28.7598,    86.5242       
# span 6 =    -0.3005,    -0.2863       
# span 7 =      0.918,     21.373       
# span 8 =     2.7118,     7.2153       
# span 9 = 9.9990e+03, 9.9990e+03       
# span 10 =     -2.073,     -1.052      
# span 11 =     -3.085,     51.603      
# span 12 =      -0.37,       1.21      
# span 13 =   992.3416,  1000.1392      
# span 14 =     -0.473,      0.493      
# span 15 =     0.0000,     0.0162      
# span 16 =     -0.002,     14.129      
# span 17 = 0.0000e+00, 0.0000e+00      
# interval = seconds: 0.125
# start_time = Oct 29 2013 16:17:21 [Instrument's time stamp, header]
# bad_flag = -9.990e-29
*END*
[from data line 161]
382.187500 , 29.753500 , 9.959800 , 5.068619 , 2.433350 , 54.425250 , -0.294350 , 21.185000 , 5.627350 , 9999.000000 , -1.342000 , 33.290000 , -0.040000 , 999.853200 , 0.382000 , 0.007100 , 7.249500
382.750000 , 29.951000 , 9.927500 , 5.032855 , 2.436600 , 54.380700 , -0.293900 , 21.177000 , 5.633600 , 9999.000000 , -1.343000 , 33.492000 , 0.000000 , 999.856900 , 0.375000 , 0.007000 , 7.203000
383.312500 , 30.169500 , 9.870350 , 5.137523 , 2.437450 , 54.370550 , -0.297100 , 21.144000 , 5.662300 , 9999.000000 , -1.344000 , 33.714000 , 0.035000 , 999.863000 , 0.387000 , 0.007100 , 7.365000
383.812500 , 30.364000 , 9.841650 , 5.048692 , 2.439050 , 54.349000 , -0.292000 , 21.151000 , 5.674750 , 9999.000000 , -1.344500 , 33.912500 , 0.040000 , 999.866400 , 0.407000 , 0.007000 , 7.244500
384.250000 , 30.544000 , 9.813100 , 5.031192 , 2.440600 , 54.326700 , -0.293400 , 21.108000 , 5.700200 , 9999.000000 , -1.343000 , 34.096000 , 0.030000 , 999.869700 , 0.422000 , 0.007000 , 7.224000
384.687500 , 30.737500 , 9.777400 , 5.133104 , 2.441750 , 54.310600 , -0.294400 , 21.078000 , 5.727100 , 9999.000000 , -1.342000 , 34.293500 , 0.020000 , 999.873700 , 0.433000 , 0.007000 , 7.379500
385.125000 , 30.930000 , 9.735600 , 5.149324 , 2.442900 , 54.295000 , -0.293400 , 20.994000 , 5.752800 , 9999.000000 , -1.343000 , 34.490000 , -0.010000 , 999.878200 , 0.434000 , 0.007000 , 7.412000
385.562500 , 31.118500 , 9.701400 , 5.106074 , 2.444400 , 54.275350 , -0.292000 , 20.893500 , 5.742900 , 9999.000000 , -1.345500 , 34.682000 , -0.020000 , 999.882000 , 0.425000 , 0.007000 , 7.357500
386.062500 , 31.328500 , 9.667900 , 5.098301 , 2.444700 , 54.271050 , -0.292200 , 20.856000 , 5.726850 , 9999.000000 , -1.346000 , 34.896000 , -0.020000 , 999.885800 , 0.415500 , 0.006900 , 7.351500
386.562500 , 31.533000 , 9.614450 , 5.137588 , 2.445350 , 54.262800 , -0.295300 , 20.810500 , 5.724200 , 9999.000000 , -1.348000 , 35.104500 , -0.020000 , 999.891300 , 0.406000 , 0.006950 , 7.421000
387.062500 , 31.734500 , 9.549000 , 5.199718 , 2.446700 , 54.244000 , -0.291700 , 20.824000 , 5.732900 , 9999.000000 , -1.349500 , 35.310000 , -0.010000 , 999.897700 , 0.400500 , 0.006950 , 7.522500
387.562500 , 31.931500 , 9.487850 , 5.041721 , 2.447650 , 54.231000 , -0.295300 , 20.858500 , 5.749650 , 9999.000000 , -1.349500 , 35.511000 , 0.000000 , 999.903650 , 0.399500 , 0.006850 , 7.309000
388.062500 , 32.132500 , 9.437850 , 5.026874 , 2.448100 , 54.225600 , -0.294600 , 20.842000 , 5.753150 , 9999.000000 , -1.350500 , 35.716000 , 0.000000 , 999.908650 , 0.397000 , 0.006800 , 7.299000
388.562500 , 32.331500 , 9.376650 , 5.015289 , 2.449300 , 54.208300 , -0.295050 , 20.815500 , 5.728900 , 9999.000000 , -1.353500 , 35.919000 , -0.010000 , 999.914500 , 0.393500 , 0.006800 , 7.292500
389.062500 , 32.525000 , 9.318300 , 5.027818 , 2.450500 , 54.193000 , -0.293900 , 20.810000 , 5.705650 , 9999.000000 , -1.353500 , 36.116500 , -0.025000 , 999.920100 , 0.382000 , 0.006750 , 7.324500
389.562500 , 32.717500 , 9.295950 , 4.986546 , 2.450950 , 54.186750 , -0.291250 , 20.805000 , 5.704850 , 9999.000000 , -1.353500 , 36.313000 , -0.010000 , 999.922800 , 0.373000 , 0.006700 , 7.269500
390.062500 , 32.893500 , 9.291350 , 5.017112 , 2.451850 , 54.175350 , -0.291950 , 20.807000 , 5.710450 , 9999.000000 , -1.354000 , 36.492000 , 0.025000 , 999.924000 , 0.379000 , 0.006700 , 7.315000
390.562500 , 33.082500 , 9.267450 , 5.032395 , 2.453700 , 54.149500 , -0.296050 , 20.810000 , 5.723450 , 9999.000000 , -1.353500 , 36.685000 , 0.055000 , 999.926800 , 0.401500 , 0.006700 , 7.342500
391.062500 , 33.298000 , 9.227150 , 5.083360 , 2.454600 , 54.137500 , -0.297600 , 20.810500 , 5.718000 , 9999.000000 , -1.353000 , 36.904500 , 0.045000 , 999.931050 , 0.429000 , 0.006700 , 7.426000
391.500000 , 33.490000 , 9.207900 , 5.006060 , 2.454800 , 54.135400 , -0.297300 , 20.804000 , 5.713200 , 9999.000000 , -1.355000 , 37.100000 , 0.010000 , 999.933400 , 0.441000 , 0.006700 , 7.319000
391.937500 , 33.686000 , 9.171350 , 5.056855 , 2.456250 , 54.114650 , -0.294400 , 20.834000 , 5.708800 , 9999.000000 , -1.357500 , 37.300500 , -0.020000 , 999.937200 , 0.436500 , 0.006700 , 7.397500
392.375000 , 33.882000 , 9.151100 , 4.953832 , 2.456900 , 54.106500 , -0.292400 , 20.807000 , 5.711700 , 9999.000000 , -1.357000 , 37.500000 , -0.050000 , 999.939700 , 0.421000 , 0.006600 , 7.252000
392.812500 , 34.057000 , 9.135050 , 4.977256 , 2.456550 , 54.111200 , -0.294900 , 20.835000 , 5.726600 , 9999.000000 , -1.356500 , 37.678500 , -0.050000 , 999.941750 , 0.400000 , 0.006650 , 7.290000
393.375000 , 34.272000 , 9.104800 , 4.979371 , 2.457600 , 54.096400 , -0.295200 , 20.857000 , 5.734000 , 9999.000000 , -1.357000 , 37.898000 , -0.000000 , 999.945100 , 0.386000 , 0.006600 , 7.302000
393.937500 , 34.482000 , 9.036100 , 4.982157 , 2.459100 , 54.076500 , -0.291850 , 20.837500 , 5.722550 , 9999.000000 , -1.357500 , 38.111500 , 0.030000 , 999.951350 , 0.396000 , 0.006600 , 7.320000
394.375000 , 34.665000 , 8.978700 , 4.953534 , 2.459600 , 54.069900 , -0.292400 , 20.833000 , 5.724100 , 9999.000000 , -1.357000 , 38.298000 , 0.020000 , 999.956500 , 0.409000 , 0.006600 , 7.287000
394.812500 , 34.850000 , 8.896950 , 5.019106 , 2.460850 , 54.052350 , -0.294400 , 20.851500 , 5.731500 , 9999.000000 , -1.358500 , 38.487500 , -0.015000 , 999.963500 , 0.409500 , 0.006550 , 7.403000
395.312500 , 35.054000 , 8.871600 , 4.991934 , 2.461500 , 54.043650 , -0.297200 , 20.861000 , 5.739950 , 9999.000000 , -1.358500 , 38.695500 , -0.030000 , 999.966300 , 0.394000 , 0.006500 , 7.369000
395.812500 , 35.242000 , 8.855850 , 5.064386 , 2.462800 , 54.025950 , -0.294800 , 20.854500 , 5.756050 , 9999.000000 , -1.358000 , 38.886500 , -0.020000 , 999.968450 , 0.381000 , 0.006600 , 7.479000
396.375000 , 35.453000 , 8.807500 , 5.032985 , 2.464200 , 54.007600 , -0.293000 , 20.843000 , 5.769700 , 9999.000000 , -1.360000 , 39.102000 , -0.000000 , 999.972900 , 0.378000 , 0.006500 , 7.443000
396.937500 , 35.670500 , 8.744000 , 4.992952 , 2.465350 , 53.991900 , -0.295750 , 20.841500 , 5.786950 , 9999.000000 , -1.362000 , 39.324000 , 0.000000 , 999.978550 , 0.378000 , 0.006500 , 7.398500
397.437500 , 35.855000 , 8.719800 , 4.981252 , 2.466500 , 53.976500 , -0.296900 , 20.872500 , 5.798600 , 9999.000000 , -1.362000 , 39.511500 , 0.000000 , 999.981150 , 0.378000 , 0.006450 , 7.386500
397.937500 , 36.043000 , 8.695550 , 4.966374 , 2.467650 , 53.960650 , -0.296800 , 20.840000 , 5.802050 , 9999.000000 , -1.360000 , 39.703500 , 0.025000 , 999.983750 , 0.385500 , 0.006400 , 7.368000
398.437500 , 36.238000 , 8.665100 , 4.956694 , 2.467450 , 53.963600 , -0.295200 , 20.856500 , 5.800700 , 9999.000000 , -1.362500 , 39.902500 , 0.030000 , 999.986850 , 0.402000 , 0.006400 , 7.362500
398.937500 , 36.445500 , 8.624350 , 5.027143 , 2.468700 , 53.946350 , -0.292150 , 20.882000 , 5.781850 , 9999.000000 , -1.362000 , 40.114000 , 0.005000 , 999.990750 , 0.411500 , 0.006400 , 7.477500
399.375000 , 36.632000 , 8.581500 , 4.970673 , 2.469900 , 53.930100 , -0.297100 , 20.884000 , 5.756200 , 9999.000000 , -1.363000 , 40.304000 , -0.030000 , 999.994600 , 0.405000 , 0.006400 , 7.397000
399.875000 , 36.833000 , 8.510400 , 5.001789 , 2.471000 , 53.916300 , -0.294000 , 20.879000 , 5.738300 , 9999.000000 , -1.363000 , 40.509000 , -0.040000 , 1000.000500 , 0.387000 , 0.006400 , 7.463000
400.437500 , 37.036000 , 8.484000 , 5.028838 , 2.473400 , 53.882550 , -0.295100 , 20.880000 , 5.756700 , 9999.000000 , -1.364000 , 40.716500 , -0.040000 , 1000.003250 , 0.362500 , 0.006400 , 7.508000
400.937500 , 37.219500 , 8.394200 , 4.994903 , 2.472900 , 53.889100 , -0.294200 , 20.876500 , 5.787450 , 9999.000000 , -1.366500 , 40.903000 , -0.015000 , 1000.010200 , 0.348500 , 0.006300 , 7.478500
401.500000 , 37.404000 , 8.313800 , 4.941076 , 2.475600 , 53.853600 , -0.295100 , 20.859000 , 5.811800 , 9999.000000 , -1.368000 , 41.091000 , 0.010000 , 1000.016300 , 0.350000 , 0.006200 , 7.409000
402.062500 , 37.605000 , 8.257600 , 5.005380 , 2.477200 , 53.832350 , -0.293950 , 20.856000 , 5.823350 , 9999.000000 , -1.369000 , 41.296500 , 0.035000 , 1000.021000 , 0.365500 , 0.006250 , 7.524000
402.562500 , 37.795500 , 8.178400 , 5.031380 , 2.479100 , 53.806650 , -0.296050 , 20.843500 , 5.828750 , 9999.000000 , -1.371000 , 41.491000 , 0.035000 , 1000.027100 , 0.384500 , 0.006200 , 7.582000
403.062500 , 37.988000 , 8.097400 , 4.975263 , 2.480000 , 53.794700 , -0.294300 , 20.845500 , 5.834850 , 9999.000000 , -1.372500 , 41.686500 , 0.005000 , 1000.033100 , 0.392000 , 0.006150 , 7.515500
403.562500 , 38.192000 , 8.052350 , 4.950674 , 2.481150 , 53.779200 , -0.294150 , 20.813500 , 5.834000 , 9999.000000 , -1.374000 , 41.895000 , -0.010000 , 1000.036850 , 0.390000 , 0.006100 , 7.488500
404.062500 , 38.385500 , 7.978250 , 5.042843 , 2.485150 , 53.724200 , -0.295650 , 20.821000 , 5.841350 , 9999.000000 , -1.376000 , 42.092000 , -0.030000 , 1000.042400 , 0.379000 , 0.006100 , 7.646000
404.625000 , 38.591000 , 7.942300 , 5.020738 , 2.486700 , 53.704300 , -0.292800 , 20.793000 , 5.851100 , 9999.000000 , -1.376000 , 42.302000 , -0.030000 , 1000.045500 , 0.360000 , 0.006100 , 7.626000
405.187500 , 38.789500 , 7.881500 , 5.032813 , 2.488050 , 53.686250 , -0.295300 , 20.704500 , 5.852600 , 9999.000000 , -1.378000 , 42.504000 , 0.020000 , 1000.050150 , 0.359500 , 0.006100 , 7.652500
405.687500 , 38.961500 , 7.846950 , 5.096741 , 2.490650 , 53.651850 , -0.294500 , 20.657000 , 5.856800 , 9999.000000 , -1.380000 , 42.680000 , 0.065000 , 1000.053050 , 0.382500 , 0.006100 , 7.759000
406.187500 , 39.166000 , 7.807650 , 5.083947 , 2.490950 , 53.647500 , -0.299050 , 20.556000 , 5.846250 , 9999.000000 , -1.379500 , 42.888500 , 0.075000 , 1000.056350 , 0.419500 , 0.006100 , 7.747000
406.625000 , 39.361000 , 7.798500 , 5.113786 , 2.493600 , 53.611900 , -0.296600 , 20.518000 , 5.841700 , 9999.000000 , -1.379000 , 43.087000 , 0.030000 , 1000.057800 , 0.440000 , 0.006100 , 7.796000
407.062500 , 39.560000 , 7.794850 , 5.121704 , 2.495050 , 53.592350 , -0.295800 , 20.492000 , 5.848150 , 9999.000000 , -1.379000 , 43.290000 , -0.010000 , 1000.059050 , 0.440500 , 0.006100 , 7.808500
407.562500 , 39.776000 , 7.781700 , 5.126211 , 2.496950 , 53.567150 , -0.291250 , 20.456500 , 5.848550 , 9999.000000 , -1.379000 , 43.510500 , -0.030000 , 1000.060850 , 0.429000 , 0.006100 , 7.817500
408.000000 , 39.962000 , 7.697100 , 5.023547 , 2.500200 , 53.523500 , -0.294300 , 20.453000 , 5.837500 , 9999.000000 , -1.379000 , 43.700000 , -0.030000 , 1000.066500 , 0.416000 , 0.006000 , 7.685000
408.437500 , 40.142000 , 7.657100 , 5.136367 , 2.500550 , 53.518000 , -0.294300 , 20.424000 , 5.827600 , 9999.000000 , -1.380000 , 43.883500 , -0.010000 , 1000.069750 , 0.408500 , 0.006000 , 7.865000
408.937500 , 40.341000 , 7.630600 , 5.072813 , 2.503200 , 53.483450 , -0.295300 , 20.342000 , 5.806350 , 9999.000000 , -1.384000 , 44.086500 , -0.010000 , 1000.072150 , 0.404500 , 0.006000 , 7.773000
409.437500 , 40.544000 , 7.617400 , 5.186455 , 2.504750 , 53.463150 , -0.294650 , 20.352000 , 5.763950 , 9999.000000 , -1.383000 , 44.293500 , 0.000000 , 1000.073950 , 0.403000 , 0.006000 , 7.950000
409.937500 , 40.746000 , 7.611500 , 5.223603 , 2.506950 , 53.433200 , -0.293900 , 20.284500 , 5.732300 , 9999.000000 , -1.380500 , 44.499500 , 0.000000 , 1000.075250 , 0.404500 , 0.006100 , 8.008500
410.437500 , 40.946500 , 7.604000 , 5.198173 , 2.508950 , 53.406450 , -0.293900 , 20.307000 , 5.695300 , 9999.000000 , -1.382500 , 44.704000 , 0.010000 , 1000.076600 , 0.407500 , 0.006000 , 7.971000
410.937500 , 41.152000 , 7.594750 , 5.151671 , 2.510500 , 53.385850 , -0.294450 , 20.263500 , 5.676400 , 9999.000000 , -1.381000 , 44.913500 , 0.000000 , 1000.078100 , 0.409500 , 0.006000 , 7.902000
411.375000 , 41.336000 , 7.582700 , 5.198225 , 2.512100 , 53.363200 , -0.295300 , 20.234000 , 5.668800 , 9999.000000 , -1.378000 , 45.101000 , -0.020000 , 1000.079700 , 0.403000 , 0.006000 , 7.977000
411.875000 , 41.534000 , 7.571100 , 5.282936 , 2.513300 , 53.349200 , -0.293900 , 20.208000 , 5.652500 , 9999.000000 , -1.378000 , 45.303000 , -0.040000 , 1000.081300 , 0.387000 , 0.006100 , 8.108000
412.437500 , 41.745000 , 7.554600 , 5.185796 , 2.515750 , 53.314850 , -0.297200 , 20.200000 , 5.618100 , 9999.000000 , -1.379000 , 45.518000 , -0.015000 , 1000.083250 , 0.370500 , 0.006000 , 7.964500
412.937500 , 41.923000 , 7.533350 , 5.289716 , 2.517300 , 53.295450 , -0.291700 , 20.163500 , 5.543700 , 9999.000000 , -1.380500 , 45.699500 , 0.020000 , 1000.085300 , 0.373500 , 0.006100 , 8.129500
413.437500 , 42.110000 , 7.506050 , 5.348256 , 2.520300 , 53.254500 , -0.299750 , 20.125000 , 5.500200 , 9999.000000 , -1.382000 , 45.890500 , 0.040000 , 1000.087700 , 0.391500 , 0.006100 , 8.225000
413.937500 , 42.316000 , 7.483550 , 5.238606 , 2.522450 , 53.226150 , -0.293850 , 20.101000 , 5.472650 , 9999.000000 , -1.379000 , 46.100500 , 0.040000 , 1000.089850 , 0.412500 , 0.006000 , 8.063500
414.437500 , 42.526000 , 7.483750 , 5.257648 , 2.524400 , 53.200200 , -0.296450 , 20.049500 , 5.443450 , 9999.000000 , -1.379000 , 46.314500 , 0.015000 , 1000.090900 , 0.424500 , 0.006000 , 8.092500
414.875000 , 42.715000 , 7.483400 , 5.303496 , 2.526700 , 53.170100 , -0.294300 , 19.988000 , 5.402000 , 9999.000000 , -1.379000 , 46.507000 , -0.000000 , 1000.091900 , 0.427000 , 0.006000 , 8.163000
415.312500 , 42.904500 , 7.480750 , 5.341145 , 2.527650 , 53.156900 , -0.295750 , 19.901500 , 5.376950 , 9999.000000 , -1.378000 , 46.700000 , -0.010000 , 1000.092950 , 0.424000 , 0.006100 , 8.222000
415.812500 , 43.114000 , 7.472950 , 5.391792 , 2.529500 , 53.133600 , -0.291550 , 19.844000 , 5.338500 , 9999.000000 , -1.378500 , 46.914500 , -0.030000 , 1000.094400 , 0.411500 , 0.006100 , 8.301000
416.312500 , 43.318000 , 7.464700 , 5.320308 , 2.532400 , 53.095550 , -0.292900 , 19.790000 , 5.318600 , 9999.000000 , -1.381500 , 47.122500 , -0.010000 , 1000.095800 , 0.403500 , 0.006000 , 8.193500
416.812500 , 43.510000 , 7.454950 , 5.332629 , 2.533350 , 53.081800 , -0.297250 , 19.752500 , 5.279350 , 9999.000000 , -1.379000 , 47.317500 , -0.005000 , 1000.097250 , 0.400000 , 0.006050 , 8.215000
417.250000 , 43.693000 , 7.443700 , 5.243221 , 2.536000 , 53.046200 , -0.294300 , 19.693000 , 5.244700 , 9999.000000 , -1.376000 , 47.504000 , 0.000000 , 1000.098700 , 0.401000 , 0.006000 , 8.079000
417.687500 , 43.865000 , 7.432650 , 5.371815 , 2.536900 , 53.034600 , -0.294550 , 19.657500 , 5.206450 , 9999.000000 , -1.378000 , 47.679500 , -0.005000 , 1000.100200 , 0.401000 , 0.006100 , 8.281500
418.187500 , 44.066000 , 7.423750 , 5.327841 , 2.539000 , 53.006100 , -0.295700 , 19.663500 , 5.140150 , 9999.000000 , -1.378500 , 47.884500 , -0.025000 , 1000.101600 , 0.390500 , 0.006000 , 8.215000
418.687500 , 44.263000 , 7.418600 , 5.465657 , 2.540500 , 52.986400 , -0.295900 , 19.665000 , 5.087900 , 9999.000000 , -1.378500 , 48.085500 , -0.040000 , 1000.102900 , 0.374500 , 0.006100 , 8.429500
419.250000 , 44.463000 , 7.415700 , 5.456102 , 2.542200 , 52.964800 , -0.295000 , 19.616000 , 5.040600 , 9999.000000 , -1.377000 , 48.290000 , -0.020000 , 1000.104000 , 0.357000 , 0.006100 , 8.415000
419.812500 , 44.656500 , 7.408250 , 5.465637 , 2.544350 , 52.935950 , -0.295950 , 19.534500 , 5.045800 , 9999.000000 , -1.381000 , 48.487000 , 0.005000 , 1000.105350 , 0.353000 , 0.006100 , 8.432500
420.375000 , 44.859000 , 7.403200 , 5.479979 , 2.545400 , 52.921400 , -0.295000 , 19.529000 , 5.042500 , 9999.000000 , -1.376000 , 48.693000 , 0.060000 , 1000.106600 , 0.373000 , 0.006100 , 8.455000
420.937500 , 45.068000 , 7.390950 , 5.482791 , 2.547150 , 52.899100 , -0.295250 , 19.385500 , 5.047450 , 9999.000000 , -1.375500 , 48.906500 , 0.090000 , 1000.108250 , 0.421000 , 0.006100 , 8.463500
421.375000 , 45.267000 , 7.382600 , 5.495521 , 2.549000 , 52.874700 , -0.296100 , 19.218000 , 5.027400 , 9999.000000 , -1.376000 , 49.109000 , 0.090000 , 1000.109700 , 0.461000 , 0.006100 , 8.485000
