analysis/ctd/Cherry Lake Sept14_down.txt
* Sea-Bird SBE19plus Data File:
* FileName = C:\Documents and Settings\Field User\Desktop\Cherry Lake Sept14.hex
* Software Version 1.59
* Temperature SN =  4558
* Conductivity SN =  4558
* System UpLoad Time = Sep 17 2014 16:44:09
** Cherry Lake Rim Fire sampling September 2014
* ds
# nquan = 16                                
# nvalues = 1890                        
# units = specified
# name 0 = timeS: Time, Elapsed [seconds]
# name 1 = prdM: Pressure, Strain Gauge [db]
# name 2 = tv290C: Temperature [ITS-90, deg C]
# name 3 = c0uS/cm: Conductivity [uS/cm]
# name 4 = CStarAt0: Beam Attenuation, WET Labs C-Star [1/m]
# name 5 = CStarTr0: Beam Transmission, WET Labs C-Star [%]
# name 6 = chloroflTC0: Chlorophyll, Turner Cyclops [ug/l]
# name 7 = seaTurbMtr: Turbidity, Seapoint [FTU]
# name 8 = sbeox0Mg/L: Oxygen, SBE 43 [mg/l]
# name 9 = depFM: Depth [fresh water, m], lat = 0
# name 10 = accM: Acceleration [m/s^2], WS = 2
# name 11 = density00: Density [density, kg/m^3]
# name 12 = dz/dtM: Descent Rate [m/s], WS = 2
# name 13 = sal00: Salinity, Practical [PSU]
# name 14 = specc: Specific Conductance [uS/cm]
# name 15 = flag: flag
# span 0 =      0.000,    472.250       
# span 1 =     -1.555,     48.002       
# span 2 =     8.2957,    30.9220       
# span 3 =  -0.116663,  12.858416       
# span 4 =     0.3333,    42.9342       
# span 5 =     0.1280,    92.0049       
# span 6 =     0.0006,     3.3261       
# span 7 =      0.003,     57.148       
# span 8 =     4.6251,    10.5566       
# span 9 =     -1.586,     48.948       
# span 10 =      -0.14,       0.12      
# span 11 =   995.3599,  1000.0697      
# span 12 =     -0.418,      0.288      
# span 13 =     0.0000,     0.0150      
# span 14 =     -0.104,     13.208      
# span 15 = 0.0000e+00, 0.0000e+00      
# interval = seconds: 0.25
# start_time = Sep 10 2014 15:06:57 [Instrument's time stamp, header]
# bad_flag = -9.990e-29
*END*
[from data line 88]
176.250000 , 16.882000 , 13.298300 , 7.494776 , 0.983100 , 78.212000 , 2.938600 , 0.345000 , 8.072300 , 18.717000 , 0.010000 , 999.427400 , 0.273000 , 0.009600 , 9.783000 , 0.000000
177.000000 , 17.089000 , 13.191400 , 7.466901 , 0.954900 , 78.765400 , 2.901700 , 0.339000 , 8.025600 , 18.928000 , 0.010000 , 999.442200 , 0.278000 , 0.009600 , 9.775000 , 0.000000
177.625000 , 17.264000 , 13.098750 , 7.433962 , 0.932300 , 79.210950 , 2.854500 , 0.318500 , 8.002000 , 19.106500 , 0.000000 , 999.454950 , 0.280500 , 0.009500 , 9.755500 , 0.000000
178.250000 , 17.439000 , 13.010900 , 7.422228 , 0.911700 , 79.619200 , 2.806800 , 0.304000 , 7.974000 , 19.285000 , 0.000000 , 999.467000 , 0.281000 , 0.009500 , 9.762000 , 0.000000
179.000000 , 17.651000 , 12.918600 , 7.435363 , 0.890400 , 80.044100 , 2.717300 , 0.292000 , 7.912600 , 19.501000 , 0.000000 , 999.479600 , 0.281000 , 0.009500 , 9.806000 , 0.000000
179.750000 , 17.861000 , 12.838300 , 7.411111 , 0.869600 , 80.461800 , 2.664200 , 0.256000 , 7.830000 , 19.715000 , -0.000000 , 999.490700 , 0.280000 , 0.009400 , 9.792000 , 0.000000
180.500000 , 18.071000 , 12.763800 , 7.372307 , 0.846800 , 80.922200 , 2.626100 , 0.237000 , 7.761100 , 19.929000 , -0.010000 , 999.500900 , 0.276000 , 0.009400 , 9.762000 , 0.000000
181.125000 , 18.241000 , 12.708300 , 7.377873 , 0.826550 , 81.332950 , 2.600200 , 0.230000 , 7.730700 , 20.102500 , -0.010000 , 999.508550 , 0.270000 , 0.009350 , 9.782000 , 0.000000
181.750000 , 18.408000 , 12.656900 , 7.377978 , 0.803500 , 81.802300 , 2.561500 , 0.208000 , 7.728500 , 20.273000 , -0.000000 , 999.515700 , 0.267000 , 0.009300 , 9.795000 , 0.000000
182.500000 , 18.608000 , 12.595800 , 7.373939 , 0.777700 , 82.332400 , 2.519700 , 0.199000 , 7.761700 , 20.477000 , -0.000000 , 999.524100 , 0.265000 , 0.009300 , 9.809000 , 0.000000
183.250000 , 18.806000 , 12.534200 , 7.367851 , 0.760400 , 82.687600 , 2.471700 , 0.178000 , 7.803600 , 20.679000 , -0.000000 , 999.532500 , 0.263000 , 0.009300 , 9.814000 , 0.000000
184.000000 , 19.003000 , 12.472600 , 7.360320 , 0.743600 , 83.036200 , 2.451100 , 0.171000 , 7.810900 , 20.880000 , -0.010000 , 999.540900 , 0.261000 , 0.009300 , 9.820000 , 0.000000
184.750000 , 19.197000 , 12.408600 , 7.335791 , 0.731100 , 83.295400 , 2.469100 , 0.171000 , 7.796500 , 21.077000 , -0.000000 , 999.549500 , 0.257000 , 0.009200 , 9.804000 , 0.000000
185.500000 , 19.389000 , 12.332500 , 7.303194 , 0.720000 , 83.526400 , 2.472500 , 0.146000 , 7.792500 , 21.273000 , 0.000000 , 999.559400 , 0.256000 , 0.009200 , 9.781000 , 0.000000
186.250000 , 19.581000 , 12.234600 , 7.275056 , 0.709400 , 83.749700 , 2.499800 , 0.107000 , 7.794100 , 21.469000 , 0.000000 , 999.571900 , 0.257000 , 0.009100 , 9.768000 , 0.000000
187.125000 , 19.806500 , 12.117750 , 7.260777 , 0.688750 , 84.183600 , 2.496500 , 0.090500 , 7.793300 , 21.699000 , 0.000000 , 999.586500 , 0.258500 , 0.009100 , 9.777000 , 0.000000
188.000000 , 20.034000 , 12.028100 , 7.225455 , 0.668000 , 84.621000 , 2.410700 , 0.092000 , 7.793600 , 21.931000 , 0.000000 , 999.597900 , 0.262000 , 0.009000 , 9.757000 , 0.000000
188.750000 , 20.231000 , 11.966800 , 7.203967 , 0.645300 , 85.101600 , 2.352400 , 0.082000 , 7.794100 , 22.132000 , -0.000000 , 999.605900 , 0.262000 , 0.009000 , 9.743000 , 0.000000
189.500000 , 20.427000 , 11.912300 , 7.182012 , 0.626500 , 85.503400 , 2.361500 , 0.080000 , 7.785000 , 22.332000 , -0.010000 , 999.613000 , 0.258000 , 0.009000 , 9.728000 , 0.000000
190.250000 , 20.618000 , 11.870500 , 7.185514 , 0.607900 , 85.901000 , 2.410900 , 0.090000 , 7.769300 , 22.527000 , -0.000000 , 999.618600 , 0.255000 , 0.008900 , 9.744000 , 0.000000
191.000000 , 20.809000 , 11.838600 , 7.199441 , 0.589500 , 86.298800 , 2.384700 , 0.081000 , 7.748800 , 22.721000 , 0.000000 , 999.623100 , 0.255000 , 0.008900 , 9.772000 , 0.000000
191.750000 , 21.001000 , 11.810400 , 7.196261 , 0.577300 , 86.561200 , 2.314600 , 0.068000 , 7.733800 , 22.917000 , -0.000000 , 999.627200 , 0.255000 , 0.008900 , 9.774000 , 0.000000
192.500000 , 21.191000 , 11.781700 , 7.177620 , 0.568100 , 86.761000 , 2.293200 , 0.069000 , 7.737000 , 23.111000 , -0.000000 , 999.631300 , 0.252000 , 0.008900 , 9.756000 , 0.000000
193.250000 , 21.379000 , 11.749100 , 7.167892 , 0.561100 , 86.911400 , 2.290500 , 0.060000 , 7.757800 , 23.303000 , -0.010000 , 999.635800 , 0.248000 , 0.008900 , 9.754000 , 0.000000
194.000000 , 21.563000 , 11.711500 , 7.168024 , 0.557200 , 86.998000 , 2.327000 , 0.057000 , 7.788000 , 23.490000 , -0.010000 , 999.640900 , 0.244000 , 0.008900 , 9.763000 , 0.000000
194.875000 , 21.774500 , 11.655450 , 7.150943 , 0.554850 , 87.048550 , 2.339350 , 0.081500 , 7.823000 , 23.706000 , 0.000000 , 999.648000 , 0.240000 , 0.008800 , 9.753500 , 0.000000
195.750000 , 21.983000 , 11.586100 , 7.106518 , 0.553300 , 87.082100 , 2.313400 , 0.088000 , 7.853200 , 23.918000 , -0.000000 , 999.656600 , 0.237000 , 0.008800 , 9.710000 , 0.000000
196.500000 , 22.161000 , 11.539000 , 7.114967 , 0.552500 , 87.098900 , 2.295600 , 0.076000 , 7.862500 , 24.100000 , -0.000000 , 999.662600 , 0.237000 , 0.008800 , 9.738000 , 0.000000
197.250000 , 22.338000 , 11.491800 , 7.108079 , 0.549900 , 87.156100 , 2.306500 , 0.065000 , 7.844000 , 24.280000 , 0.000000 , 999.668500 , 0.238000 , 0.008800 , 9.739000 , 0.000000
198.125000 , 22.547500 , 11.425900 , 7.081129 , 0.542700 , 87.312850 , 2.299650 , 0.056500 , 7.817500 , 24.494000 , 0.010000 , 999.676600 , 0.243500 , 0.008700 , 9.721500 , 0.000000
199.000000 , 22.764000 , 11.358300 , 7.081762 , 0.529300 , 87.607300 , 2.259500 , 0.035000 , 7.810800 , 24.715000 , 0.010000 , 999.684800 , 0.251000 , 0.008700 , 9.740000 , 0.000000
199.750000 , 22.955000 , 11.304100 , 7.076822 , 0.514200 , 87.937300 , 2.234000 , 0.026000 , 7.812700 , 24.910000 , 0.000000 , 999.691500 , 0.255000 , 0.008700 , 9.742000 , 0.000000
200.500000 , 23.146000 , 11.252000 , 7.096656 , 0.506800 , 88.100400 , 2.237000 , 0.026000 , 7.815500 , 25.104000 , 0.010000 , 999.697900 , 0.259000 , 0.008700 , 9.787000 , 0.000000
201.250000 , 23.343000 , 11.200300 , 7.094311 , 0.494300 , 88.374700 , 2.226700 , 0.026000 , 7.814700 , 25.305000 , 0.010000 , 999.704200 , 0.265000 , 0.008600 , 9.798000 , 0.000000
202.000000 , 23.543000 , 11.151200 , 7.068982 , 0.480700 , 88.675400 , 2.237500 , 0.015000 , 7.814600 , 25.509000 , 0.010000 , 999.710200 , 0.270000 , 0.008600 , 9.776000 , 0.000000
202.750000 , 23.748000 , 11.111600 , 7.039705 , 0.471100 , 88.890300 , 2.236200 , 0.011000 , 7.821400 , 25.718000 , 0.000000 , 999.715300 , 0.274000 , 0.008600 , 9.746000 , 0.000000
203.500000 , 23.954000 , 11.072900 , 7.009817 , 0.464400 , 89.038500 , 2.187900 , 0.008000 , 7.830100 , 25.928000 , -0.000000 , 999.720200 , 0.274000 , 0.008500 , 9.715000 , 0.000000
204.125000 , 24.125000 , 11.032800 , 7.008504 , 0.461850 , 89.095200 , 2.161200 , 0.008500 , 7.835350 , 26.102500 , 0.000000 , 999.725150 , 0.272000 , 0.008500 , 9.724500 , 0.000000
204.750000 , 24.294000 , 10.991100 , 7.024373 , 0.460900 , 89.116100 , 2.149000 , 0.012000 , 7.846400 , 26.275000 , -0.000000 , 999.730200 , 0.272000 , 0.008500 , 9.762000 , 0.000000
205.500000 , 24.498000 , 10.942500 , 7.018624 , 0.457100 , 89.200100 , 2.157600 , 0.015000 , 7.875900 , 26.483000 , 0.000000 , 999.736100 , 0.273000 , 0.008500 , 9.760000 , 0.000000
206.250000 , 24.704000 , 10.893300 , 7.023413 , 0.456400 , 89.217700 , 2.151200 , 0.014000 , 7.913200 , 26.693000 , 0.000000 , 999.742000 , 0.276000 , 0.008500 , 9.783000 , 0.000000
207.000000 , 24.913000 , 10.834600 , 7.021502 , 0.457700 , 89.187800 , 2.144300 , 0.020000 , 7.941800 , 26.906000 , 0.010000 , 999.748900 , 0.281000 , 0.008500 , 9.796000 , 0.000000
207.750000 , 25.125000 , 10.770900 , 7.010742 , 0.459100 , 89.158200 , 2.102400 , 0.037000 , 7.958200 , 27.122000 , 0.000000 , 999.756200 , 0.285000 , 0.008400 , 9.799000 , 0.000000
208.375000 , 25.304500 , 10.721550 , 6.996073 , 0.454000 , 89.270800 , 2.091600 , 0.045000 , 7.974900 , 27.305500 , 0.000000 , 999.761900 , 0.284500 , 0.008400 , 9.791500 , 0.000000
209.000000 , 25.482000 , 10.680400 , 6.996501 , 0.450700 , 89.342300 , 2.093500 , 0.033000 , 8.003700 , 27.486000 , -0.010000 , 999.766800 , 0.281000 , 0.008400 , 9.804000 , 0.000000
209.750000 , 25.690000 , 10.641100 , 6.994219 , 0.451500 , 89.324900 , 2.089400 , 0.027000 , 8.044200 , 27.699000 , -0.000000 , 999.771600 , 0.277000 , 0.008400 , 9.810000 , 0.000000
210.500000 , 25.897000 , 10.605500 , 6.962893 , 0.454300 , 89.263200 , 2.089700 , 0.021000 , 8.065200 , 27.910000 , -0.000000 , 999.776000 , 0.274000 , 0.008300 , 9.779000 , 0.000000
211.250000 , 26.101000 , 10.570400 , 6.970724 , 0.453600 , 89.279000 , 2.089800 , 0.016000 , 8.074300 , 28.118000 , -0.000000 , 999.780300 , 0.271000 , 0.008300 , 9.798000 , 0.000000
212.000000 , 26.303000 , 10.529200 , 6.961828 , 0.451900 , 89.317600 , 2.071800 , 0.013000 , 8.093800 , 28.324000 , -0.000000 , 999.785200 , 0.268000 , 0.008300 , 9.797000 , 0.000000
212.750000 , 26.503000 , 10.478200 , 6.954793 , 0.448900 , 89.384600 , 2.024400 , 0.009000 , 8.114400 , 28.528000 , -0.000000 , 999.791100 , 0.266000 , 0.008300 , 9.801000 , 0.000000
213.500000 , 26.703000 , 10.424900 , 6.947241 , 0.448900 , 89.385100 , 1.979800 , 0.008000 , 8.135100 , 28.731000 , -0.000000 , 999.797000 , 0.266000 , 0.008200 , 9.805000 , 0.000000
214.125000 , 26.868500 , 10.389050 , 6.926371 , 0.448150 , 89.400500 , 1.970650 , 0.007000 , 8.147750 , 28.900000 , 0.000000 , 999.801200 , 0.267000 , 0.008200 , 9.785000 , 0.000000
214.750000 , 27.036000 , 10.356400 , 6.894287 , 0.447300 , 89.420800 , 1.977900 , 0.009000 , 8.157000 , 29.071000 , 0.000000 , 999.805000 , 0.268000 , 0.008200 , 9.749000 , 0.000000
215.500000 , 27.238000 , 10.319700 , 6.898909 , 0.444200 , 89.490100 , 1.991500 , 0.015000 , 8.143100 , 29.277000 , 0.000000 , 999.809400 , 0.270000 , 0.008200 , 9.766000 , 0.000000
216.250000 , 27.441000 , 10.282100 , 6.905289 , 0.439500 , 89.595200 , 1.978900 , 0.023000 , 8.094500 , 29.484000 , 0.000000 , 999.813800 , 0.270000 , 0.008200 , 9.785000 , 0.000000
217.000000 , 27.643000 , 10.239500 , 6.899723 , 0.439200 , 89.600700 , 1.961000 , 0.028000 , 8.043500 , 29.690000 , -0.000000 , 999.818700 , 0.268000 , 0.008100 , 9.789000 , 0.000000
217.750000 , 27.843000 , 10.197200 , 6.901820 , 0.436200 , 89.668200 , 1.982600 , 0.036000 , 8.006500 , 29.894000 , -0.000000 , 999.823500 , 0.265000 , 0.008100 , 9.804000 , 0.000000
218.500000 , 28.040000 , 10.158500 , 6.950228 , 0.432800 , 89.744800 , 1.994100 , 0.044000 , 7.994100 , 30.095000 , 0.000000 , 999.828000 , 0.264000 , 0.008100 , 9.883000 , 0.000000
219.250000 , 28.239000 , 10.120400 , 6.929404 , 0.435300 , 89.687900 , 1.986900 , 0.030000 , 8.012400 , 30.298000 , -0.000000 , 999.832400 , 0.264000 , 0.008100 , 9.865000 , 0.000000
220.000000 , 28.437000 , 10.080700 , 6.909240 , 0.443200 , 89.511600 , 1.986000 , 0.022000 , 8.053400 , 30.500000 , -0.010000 , 999.836900 , 0.260000 , 0.008100 , 9.847000 , 0.000000
220.750000 , 28.630000 , 10.027700 , 6.904625 , 0.456100 , 89.223400 , 2.002000 , 0.021000 , 8.092800 , 30.696000 , -0.000000 , 999.842600 , 0.256000 , 0.008100 , 9.854000 , 0.000000
221.500000 , 28.821000 , 9.977800 , 6.929808 , 0.457900 , 89.184600 , 1.973800 , 0.015000 , 8.120800 , 30.891000 , -0.000000 , 999.847900 , 0.254000 , 0.008100 , 9.905000 , 0.000000
222.250000 , 29.011000 , 9.939400 , 6.931173 , 0.458300 , 89.175400 , 1.938000 , 0.010000 , 8.137500 , 31.085000 , -0.000000 , 999.852200 , 0.254000 , 0.008000 , 9.918000 , 0.000000
223.000000 , 29.202000 , 9.899500 , 6.914450 , 0.458200 , 89.177000 , 1.933700 , 0.011000 , 8.136100 , 31.280000 , -0.000000 , 999.856600 , 0.253000 , 0.008000 , 9.909000 , 0.000000
223.750000 , 29.391000 , 9.859500 , 6.916072 , 0.456900 , 89.204500 , 1.933600 , 0.017000 , 8.117400 , 31.472000 , -0.000000 , 999.861000 , 0.253000 , 0.008000 , 9.918000 , 0.000000
224.625000 , 29.612500 , 9.812900 , 6.898950 , 0.461050 , 89.113750 , 1.944300 , 0.015000 , 8.093600 , 31.698000 , 0.000000 , 999.866050 , 0.252000 , 0.008000 , 9.910000 , 0.000000
225.500000 , 29.832000 , 9.768800 , 6.916759 , 0.457800 , 89.185600 , 1.966300 , 0.008000 , 8.087600 , 31.922000 , 0.000000 , 999.870900 , 0.251000 , 0.008000 , 9.946000 , 0.000000
226.250000 , 30.020000 , 9.733000 , 6.912222 , 0.457500 , 89.193500 , 1.997500 , 0.005000 , 8.104500 , 32.114000 , 0.000000 , 999.874800 , 0.252000 , 0.007900 , 9.949000 , 0.000000
227.000000 , 30.210000 , 9.697000 , 6.899990 , 0.460000 , 89.138000 , 1.971800 , 0.005000 , 8.120900 , 32.308000 , 0.000000 , 999.878800 , 0.254000 , 0.007900 , 9.944000 , 0.000000
227.750000 , 30.401000 , 9.657300 , 6.904939 , 0.454600 , 89.256000 , 1.914500 , 0.005000 , 8.123100 , 32.502000 , 0.000000 , 999.883000 , 0.255000 , 0.007900 , 9.965000 , 0.000000
228.500000 , 30.593000 , 9.620900 , 6.886420 , 0.454100 , 89.268500 , 1.902400 , 0.003000 , 8.112400 , 32.698000 , -0.000000 , 999.887000 , 0.255000 , 0.007900 , 9.945000 , 0.000000
229.250000 , 30.783000 , 9.583100 , 6.856874 , 0.455400 , 89.239700 , 1.912500 , 0.004000 , 8.097100 , 32.892000 , -0.000000 , 999.891000 , 0.253000 , 0.007900 , 9.909000 , 0.000000
230.000000 , 30.973000 , 9.545900 , 6.886567 , 0.454000 , 89.272500 , 1.913700 , 0.006000 , 8.082700 , 33.086000 , -0.000000 , 999.895000 , 0.252000 , 0.007900 , 9.967000 , 0.000000
230.750000 , 31.162000 , 9.510400 , 6.870847 , 0.454400 , 89.262400 , 1.916800 , 0.005000 , 8.061900 , 33.278000 , -0.000000 , 999.898900 , 0.249000 , 0.007800 , 9.954000 , 0.000000
231.625000 , 31.377500 , 9.467350 , 6.819601 , 0.455950 , 89.226800 , 1.915850 , 0.005500 , 8.034300 , 33.498000 , -0.010000 , 999.903400 , 0.241500 , 0.007800 , 9.892000 , 0.000000
232.500000 , 31.585000 , 9.428100 , 6.826698 , 0.454000 , 89.270400 , 1.915400 , 0.004000 , 8.018800 , 33.710000 , -0.000000 , 999.907600 , 0.237000 , 0.007800 , 9.914000 , 0.000000
233.250000 , 31.762000 , 9.395900 , 6.864746 , 0.451700 , 89.320500 , 1.902700 , 0.005000 , 8.009800 , 33.890000 , 0.000000 , 999.911000 , 0.239000 , 0.007800 , 9.978000 , 0.000000
234.125000 , 31.973500 , 9.361000 , 6.861544 , 0.450600 , 89.346450 , 1.904550 , 0.009000 , 7.986600 , 34.106000 , 0.000000 , 999.914850 , 0.243500 , 0.007800 , 9.983500 , 0.000000
235.000000 , 32.188000 , 9.329200 , 6.869567 , 0.454300 , 89.265000 , 1.896800 , 0.015000 , 7.958500 , 34.325000 , 0.000000 , 999.918400 , 0.246000 , 0.007800 , 10.005000 , 0.000000
235.750000 , 32.373000 , 9.302200 , 6.904951 , 0.457300 , 89.196300 , 1.902000 , 0.020000 , 7.931800 , 34.513000 , -0.000000 , 999.921500 , 0.246000 , 0.007800 , 10.067000 , 0.000000
236.500000 , 32.558000 , 9.271000 , 6.895558 , 0.456700 , 89.211100 , 1.918100 , 0.023000 , 7.898300 , 34.702000 , 0.000000 , 999.924800 , 0.247000 , 0.007700 , 10.060000 , 0.000000
237.250000 , 32.743000 , 9.238900 , 6.877347 , 0.456900 , 89.205500 , 1.911500 , 0.030000 , 7.869800 , 34.891000 , 0.010000 , 999.928200 , 0.250000 , 0.007700 , 10.043000 , 0.000000
238.000000 , 32.933000 , 9.203400 , 6.918736 , 0.457400 , 89.194600 , 1.905200 , 0.025000 , 7.843300 , 35.084000 , 0.000000 , 999.931900 , 0.254000 , 0.007700 , 10.113000 , 0.000000
238.750000 , 33.124000 , 9.170600 , 6.923116 , 0.458600 , 89.167500 , 1.931700 , 0.025000 , 7.810100 , 35.279000 , -0.000000 , 999.935400 , 0.254000 , 0.007700 , 10.130000 , 0.000000
239.500000 , 33.314000 , 9.135700 , 6.907832 , 0.462000 , 89.092000 , 1.914600 , 0.019000 , 7.779800 , 35.473000 , -0.000000 , 999.939000 , 0.253000 , 0.007700 , 10.118000 , 0.000000
240.375000 , 33.534500 , 9.099950 , 6.892639 , 0.463450 , 89.059950 , 1.904050 , 0.015500 , 7.758200 , 35.698000 , 0.000000 , 999.942800 , 0.252500 , 0.007700 , 10.106000 , 0.000000
241.250000 , 33.755000 , 9.074100 , 6.904188 , 0.461400 , 89.103900 , 1.894300 , 0.018000 , 7.739800 , 35.923000 , -0.000000 , 999.945800 , 0.251000 , 0.007700 , 10.130000 , 0.000000
