analysis/ctd/Cherry Lake Sept14_down.txt
* Sea-Bird SBE19plus Data File:
* FileName = C:\Documents and Settings\Field User\Desktop\Cherry Lake Sept14.hex
* Software Version 1.59
* Temperature SN =  4558
* Conductivity SN =  4558
* System UpLoad Time = Sep 17 2014 16:44:09
** Cherry Lake Rim Fire sampling September 2014
* ds
# nquan = 16                                
# nvalues = 1890                        
# units = specified
# name 0 = timeS: Time, Elapsed [seconds]
# name 1 = prdM: Pressure, Strain Gauge [db]
# name 2 = tv290C: Temperature [ITS-90, deg C]
# name 3 = c0uS/cm: Conductivity [uS/cm]
# name 4 = CStarAt0: Beam Attenuation, WET Labs C-Star [1/m]
# name 5 = CStarTr0: Beam Transmission, WET Labs C-Star [%]
# name 6 = chloroflTC0: Chlorophyll, Turner Cyclops [ug/l]
# name 7 = seaTurbMtr: Turbidity, Seapoint [FTU]
# name 8 = sbeox0Mg/L: Oxygen, SBE 43 [mg/l]
# name 9 = depFM: Depth [fresh water, m], lat = 0
# name 10 = accM: Acceleration [m/s^2], WS = 2
# name 11 = density00: Density [density, kg/m^3]
# name 12 = dz/dtM: Descent Rate [m/s], WS = 2
# name 13 = sal00: Salinity, Practical [PSU]
# name 14 = specc: Specific Conductance [uS/cm]
# name 15 = flag: flag
# span 0 =      0.000,    472.250       
# span 1 =     -1.555,     48.002       
# span 2 =     8.2957,    30.9220       
# span 3 =  -0.116663,  12.858416       
# span 4 =     0.3333,    42.9342       
# span 5 =     0.1280,    92.0049       
# span 6 =     0.0006,     3.3261       
# span 7 =      0.003,     57.148       
# span 8 =     4.6251,    10.5566       
# span 9 =     -1.586,     48.948       
# span 10 =      -0.14,       0.12      
# span 11 =   995.3599,  1000.0697      
# span 12 =     -0.418,      0.288      
# span 13 =     0.0000,     0.0150      
# span 14 =     -0.104,     13.208      
# span 15 = 0.0000e+00, 0.0000e+00      
# interval = seconds: 0.25
# start_time = Sep 10 2014 15:06:57 [Instrument's time stamp, header]
# bad_flag = -9.990e-29
*END*
107.125000 , -0.375500 , 22.512300 , 10.161997 , 0.481600 , 88.656850 , 1.850900 , 0.051500 , 7.778000 , 1.119000 , 0.020000 , 997.662900 , 0.195000 , 0.013600 , 10.693000 , 0.000000
108.000000 , -0.196000 , 22.503200 , 10.170371 , 0.481200 , 88.665900 , 1.857700 , 0.050000 , 7.769500 , 1.302000 , 0.010000 , 997.665800 , 0.207000 , 0.013600 , 10.704000 , 0.000000
108.875000 , -0.013000 , 22.490700 , 10.170893 , 0.481500 , 88.658800 , 1.859150 , 0.060500 , 7.759400 , 1.488500 , 0.005000 , 997.669500 , 0.211500 , 0.013600 , 10.707000 , 0.000000
109.875000 , 0.202000 , 22.475550 , 10.189329 , 0.484350 , 88.596050 , 1.861200 , 0.070500 , 7.766300 , 1.708000 , 0.015000 , 997.674050 , 0.223000 , 0.013600 , 10.730000 , 0.000000
110.750000 , 0.403000 , 22.455000 , 10.208230 , 0.486400 , 88.550000 , 1.880300 , 0.082000 , 7.775900 , 1.913000 , 0.020000 , 997.679700 , 0.239000 , 0.013600 , 10.754000 , 0.000000
111.500000 , 0.589000 , 22.424500 , 10.190309 , 0.489200 , 88.488100 , 1.923600 , 0.092000 , 7.786100 , 2.103000 , 0.010000 , 997.687600 , 0.249000 , 0.013500 , 10.742000 , 0.000000
112.250000 , 0.777000 , 22.389500 , 10.172310 , 0.495400 , 88.350600 , 1.969500 , 0.102000 , 7.794500 , 2.294000 , -0.000000 , 997.696500 , 0.250000 , 0.013500 , 10.731000 , 0.000000
113.000000 , 0.963000 , 22.347400 , 10.163007 , 0.501000 , 88.226700 , 1.986000 , 0.113000 , 7.781000 , 2.484000 , -0.000000 , 997.707100 , 0.248000 , 0.013500 , 10.732000 , 0.000000
113.875000 , 1.179500 , 22.287550 , 10.148846 , 0.501350 , 88.220900 , 2.037200 , 0.118500 , 7.762250 , 2.705000 , 0.000000 , 997.721850 , 0.245500 , 0.013500 , 10.729500 , 0.000000
114.750000 , 1.393000 , 22.240200 , 10.126069 , 0.500500 , 88.238300 , 2.054500 , 0.114000 , 7.770900 , 2.922000 , 0.000000 , 997.733600 , 0.246000 , 0.013500 , 10.716000 , 0.000000
115.500000 , 1.579000 , 22.210600 , 10.125494 , 0.504600 , 88.148700 , 2.053000 , 0.112000 , 7.773200 , 3.112000 , 0.010000 , 997.741300 , 0.252000 , 0.013500 , 10.723000 , 0.000000
116.250000 , 1.771000 , 22.190600 , 10.130662 , 0.507700 , 88.080600 , 2.067800 , 0.114000 , 7.758500 , 3.308000 , 0.000000 , 997.746700 , 0.257000 , 0.013500 , 10.733000 , 0.000000
117.000000 , 1.965000 , 22.177600 , 10.128589 , 0.515100 , 87.917800 , 2.095700 , 0.114000 , 7.749000 , 3.506000 , -0.010000 , 997.750600 , 0.256000 , 0.013500 , 10.734000 , 0.000000
117.750000 , 2.155000 , 22.168200 , 10.128169 , 0.524900 , 87.703000 , 2.106000 , 0.122000 , 7.746500 , 3.699000 , -0.010000 , 997.753600 , 0.249000 , 0.013500 , 10.735000 , 0.000000
118.500000 , 2.339000 , 22.161400 , 10.127452 , 0.531600 , 87.556300 , 2.095400 , 0.122000 , 7.745000 , 3.887000 , -0.010000 , 997.756000 , 0.241000 , 0.013500 , 10.736000 , 0.000000
119.375000 , 2.545000 , 22.156450 , 10.114973 , 0.531350 , 87.561600 , 2.090950 , 0.120000 , 7.749900 , 4.097500 , -0.005000 , 997.758050 , 0.235000 , 0.013400 , 10.723500 , 0.000000
120.250000 , 2.749000 , 22.151500 , 10.139579 , 0.538600 , 87.403300 , 2.115000 , 0.104000 , 7.749500 , 4.305000 , 0.010000 , 997.760100 , 0.239000 , 0.013500 , 10.751000 , 0.000000
121.000000 , 2.933000 , 22.147800 , 10.128013 , 0.536600 , 87.447100 , 2.134700 , 0.092000 , 7.745900 , 4.493000 , 0.010000 , 997.761800 , 0.246000 , 0.013500 , 10.739000 , 0.000000
121.750000 , 3.119000 , 22.144200 , 10.119196 , 0.532300 , 87.540900 , 2.155500 , 0.089000 , 7.751400 , 4.682000 , 0.000000 , 997.763500 , 0.248000 , 0.013400 , 10.731000 , 0.000000
122.625000 , 3.337000 , 22.139500 , 10.093135 , 0.533700 , 87.509450 , 2.153200 , 0.099500 , 7.755850 , 4.904500 , 0.000000 , 997.765500 , 0.247500 , 0.013400 , 10.704000 , 0.000000
123.500000 , 3.552000 , 22.133700 , 10.117947 , 0.535500 , 87.469400 , 2.154400 , 0.093000 , 7.755300 , 5.124000 , 0.000000 , 997.767800 , 0.249000 , 0.013400 , 10.732000 , 0.000000
124.250000 , 3.742000 , 22.126100 , 10.138994 , 0.536100 , 87.456400 , 2.180100 , 0.091000 , 7.772700 , 5.318000 , 0.000000 , 997.770400 , 0.252000 , 0.013400 , 10.757000 , 0.000000
125.000000 , 3.931000 , 22.118400 , 10.105932 , 0.535400 , 87.473000 , 2.186000 , 0.096000 , 7.783800 , 5.511000 , 0.000000 , 997.773000 , 0.253000 , 0.013400 , 10.723000 , 0.000000
125.750000 , 4.120000 , 22.109800 , 10.086784 , 0.536100 , 87.456800 , 2.180500 , 0.092000 , 7.774300 , 5.703000 , 0.000000 , 997.775800 , 0.253000 , 0.013400 , 10.704000 , 0.000000
126.500000 , 4.311000 , 22.099600 , 10.065869 , 0.540600 , 87.358900 , 2.201200 , 0.090000 , 7.759200 , 5.898000 , -0.010000 , 997.779000 , 0.250000 , 0.013400 , 10.685000 , 0.000000
127.250000 , 4.496000 , 22.088600 , 10.069877 , 0.539200 , 87.388600 , 2.224200 , 0.105000 , 7.758800 , 6.087000 , -0.010000 , 997.782400 , 0.243000 , 0.013400 , 10.691000 , 0.000000
128.125000 , 4.705500 , 22.073300 , 10.087786 , 0.535650 , 87.466300 , 2.222050 , 0.105000 , 7.773150 , 6.300000 , -0.010000 , 997.786800 , 0.236000 , 0.013400 , 10.714000 , 0.000000
129.000000 , 4.909000 , 22.061200 , 10.085708 , 0.535000 , 87.480800 , 2.230500 , 0.113000 , 7.788300 , 6.508000 , -0.010000 , 997.790500 , 0.229000 , 0.013400 , 10.714000 , 0.000000
129.875000 , 5.107000 , 22.048200 , 10.101457 , 0.537550 , 87.425100 , 2.262100 , 0.107000 , 7.791050 , 6.709500 , 0.000000 , 997.794350 , 0.224500 , 0.013400 , 10.735000 , 0.000000
130.750000 , 5.302000 , 22.035200 , 10.095283 , 0.537100 , 87.435000 , 2.285100 , 0.090000 , 7.783600 , 6.909000 , -0.000000 , 997.798200 , 0.222000 , 0.013400 , 10.730000 , 0.000000
131.625000 , 5.496000 , 22.021900 , 10.085629 , 0.537950 , 87.416200 , 2.310950 , 0.077500 , 7.775950 , 7.106500 , 0.000000 , 997.802100 , 0.224500 , 0.013400 , 10.723500 , 0.000000
132.500000 , 5.695000 , 22.010300 , 10.080644 , 0.542300 , 87.322300 , 2.329800 , 0.092000 , 7.773300 , 7.309000 , 0.000000 , 997.805600 , 0.229000 , 0.013400 , 10.721000 , 0.000000
133.250000 , 5.867000 , 21.999800 , 10.097710 , 0.546500 , 87.229000 , 2.345300 , 0.102000 , 7.786200 , 7.485000 , 0.010000 , 997.808800 , 0.233000 , 0.013400 , 10.742000 , 0.000000
134.125000 , 6.073500 , 21.988950 , 10.081701 , 0.547200 , 87.214050 , 2.355450 , 0.107000 , 7.813950 , 7.695000 , 0.000000 , 997.812200 , 0.234500 , 0.013400 , 10.726500 , 0.000000
135.000000 , 6.277000 , 21.978700 , 10.086940 , 0.550600 , 87.140900 , 2.370700 , 0.115000 , 7.843900 , 7.903000 , 0.010000 , 997.815500 , 0.237000 , 0.013400 , 10.734000 , 0.000000
135.750000 , 6.458000 , 21.968200 , 10.101005 , 0.552900 , 87.089700 , 2.393600 , 0.119000 , 7.855400 , 8.087000 , 0.010000 , 997.818700 , 0.243000 , 0.013400 , 10.752000 , 0.000000
136.500000 , 6.642000 , 21.958400 , 10.095549 , 0.561000 , 86.913900 , 2.459500 , 0.135000 , 7.849200 , 8.275000 , 0.000000 , 997.821700 , 0.247000 , 0.013400 , 10.748000 , 0.000000
137.375000 , 6.860000 , 21.948150 , 10.067904 , 0.569650 , 86.726400 , 2.550450 , 0.137500 , 7.840150 , 8.497500 , 0.000000 , 997.825050 , 0.247500 , 0.013400 , 10.722000 , 0.000000
138.250000 , 7.075000 , 21.935600 , 10.066364 , 0.576000 , 86.589400 , 2.551700 , 0.152000 , 7.828600 , 8.716000 , -0.000000 , 997.828800 , 0.245000 , 0.013400 , 10.721000 , 0.000000
139.000000 , 7.258000 , 21.924500 , 10.068849 , 0.583100 , 86.435600 , 2.553200 , 0.178000 , 7.813600 , 8.903000 , -0.010000 , 997.832200 , 0.240000 , 0.013400 , 10.728000 , 0.000000
139.750000 , 7.436000 , 21.916200 , 10.035332 , 0.592400 , 86.235800 , 2.555100 , 0.179000 , 7.808900 , 9.085000 , -0.010000 , 997.834900 , 0.236000 , 0.013400 , 10.694000 , 0.000000
140.625000 , 7.640500 , 21.910900 , 10.037402 , 0.594650 , 86.187100 , 2.580750 , 0.169000 , 7.814800 , 9.293000 , -0.010000 , 997.837000 , 0.230000 , 0.013400 , 10.697000 , 0.000000
141.500000 , 7.838000 , 21.908900 , 10.054901 , 0.593400 , 86.213100 , 2.622000 , 0.179000 , 7.832600 , 9.495000 , -0.000000 , 997.838400 , 0.225000 , 0.013400 , 10.716000 , 0.000000
142.375000 , 8.035500 , 21.907450 , 10.067527 , 0.595200 , 86.175300 , 2.649550 , 0.171500 , 7.846600 , 9.696000 , 0.000000 , 997.839550 , 0.226000 , 0.013400 , 10.730000 , 0.000000
143.250000 , 8.233000 , 21.906800 , 10.064758 , 0.600400 , 86.063000 , 2.686900 , 0.154000 , 7.839100 , 9.897000 , 0.000000 , 997.840600 , 0.227000 , 0.013400 , 10.727000 , 0.000000
144.125000 , 8.432500 , 21.906100 , 10.062780 , 0.608600 , 85.886050 , 2.720150 , 0.130000 , 7.821950 , 10.101000 , 0.000000 , 997.841650 , 0.229500 , 0.013400 , 10.725000 , 0.000000
145.000000 , 8.634000 , 21.904800 , 10.070745 , 0.611400 , 85.826100 , 2.713600 , 0.118000 , 7.814600 , 10.306000 , 0.000000 , 997.842900 , 0.231000 , 0.013400 , 10.734000 , 0.000000
145.750000 , 8.808000 , 21.902600 , 10.071984 , 0.612900 , 85.793300 , 2.705300 , 0.126000 , 7.845000 , 10.484000 , 0.000000 , 997.844200 , 0.233000 , 0.013400 , 10.736000 , 0.000000
146.625000 , 9.012500 , 21.895000 , 10.055634 , 0.610950 , 85.835300 , 2.679100 , 0.119500 , 7.950600 , 10.692000 , 0.000000 , 997.846800 , 0.234500 , 0.013400 , 10.720000 , 0.000000
147.500000 , 9.218000 , 21.875000 , 10.047361 , 0.608700 , 85.883000 , 2.657500 , 0.113000 , 8.224100 , 10.902000 , 0.010000 , 997.852300 , 0.238000 , 0.013300 , 10.716000 , 0.000000
148.250000 , 9.399000 , 21.841400 , 10.027469 , 0.606300 , 85.936800 , 2.695900 , 0.122000 , 8.829200 , 11.086000 , 0.010000 , 997.860700 , 0.244000 , 0.013300 , 10.702000 , 0.000000
149.000000 , 9.583000 , 21.753700 , 9.987588 , 0.602400 , 86.019300 , 2.726700 , 0.141000 , 9.611000 , 11.274000 , 0.010000 , 997.881200 , 0.249000 , 0.013300 , 10.680000 , 0.000000
149.875000 , 9.805000 , 21.527250 , 9.838705 , 0.597650 , 86.120300 , 2.761550 , 0.151500 , 10.227000 , 11.500500 , 0.010000 , 997.932750 , 0.256000 , 0.013150 , 10.572000 , 0.000000
150.750000 , 10.032000 , 20.951400 , 9.374214 , 0.592300 , 86.235800 , 2.905600 , 0.162000 , 10.456800 , 11.732000 , 0.010000 , 998.059900 , 0.262000 , 0.012800 , 10.199000 , 0.000000
151.375000 , 10.197000 , 20.413450 , 9.082786 , 0.590800 , 86.269200 , 3.031600 , 0.175000 , 10.486100 , 11.900000 , 0.000000 , 998.175350 , 0.265000 , 0.012550 , 9.999000 , 0.000000
152.000000 , 10.363000 , 19.838200 , 8.837553 , 0.594900 , 86.180300 , 3.011700 , 0.196000 , 10.486800 , 12.069000 , 0.000000 , 998.295500 , 0.268000 , 0.012300 , 9.854000 , 0.000000
152.750000 , 10.565000 , 19.237900 , 8.674597 , 0.610500 , 85.846400 , 2.946400 , 0.206000 , 10.490000 , 12.275000 , 0.000000 , 998.417400 , 0.269000 , 0.012100 , 9.803000 , 0.000000
153.500000 , 10.767000 , 18.813100 , 8.588047 , 0.636300 , 85.293900 , 2.892500 , 0.232000 , 10.500300 , 12.481000 , -0.000000 , 998.501500 , 0.267000 , 0.011900 , 9.800000 , 0.000000
154.250000 , 10.966000 , 18.344500 , 8.414621 , 0.661300 , 84.761500 , 2.845300 , 0.245000 , 10.508200 , 12.684000 , -0.010000 , 998.592000 , 0.263000 , 0.011700 , 9.706000 , 0.000000
155.000000 , 11.162000 , 17.939600 , 8.311670 , 0.678700 , 84.394300 , 2.820600 , 0.259000 , 10.484500 , 12.884000 , -0.010000 , 998.668300 , 0.257000 , 0.011500 , 9.677000 , 0.000000
155.750000 , 11.351000 , 17.649700 , 8.263607 , 0.689100 , 84.175100 , 2.779800 , 0.241000 , 10.443300 , 13.077000 , -0.010000 , 998.722100 , 0.248000 , 0.011400 , 9.687000 , 0.000000
156.625000 , 11.563000 , 17.376600 , 8.226190 , 0.695950 , 84.030450 , 2.685750 , 0.236500 , 10.417400 , 13.293000 , -0.005000 , 998.772100 , 0.240500 , 0.011350 , 9.705000 , 0.000000
157.500000 , 11.772000 , 17.071200 , 8.173089 , 0.692800 , 84.097800 , 2.627300 , 0.238000 , 10.355300 , 13.506000 , 0.000000 , 998.826900 , 0.241000 , 0.011200 , 9.712000 , 0.000000
158.250000 , 11.955000 , 16.768800 , 8.122940 , 0.687500 , 84.208100 , 2.594800 , 0.242000 , 10.277500 , 13.693000 , 0.000000 , 998.880100 , 0.244000 , 0.011100 , 9.723000 , 0.000000
159.000000 , 12.139000 , 16.536300 , 8.090416 , 0.690000 , 84.154300 , 2.574300 , 0.247000 , 10.237500 , 13.880000 , 0.010000 , 998.920400 , 0.247000 , 0.011000 , 9.738000 , 0.000000
159.750000 , 12.325000 , 16.251600 , 8.037080 , 0.702300 , 83.897600 , 2.575700 , 0.269000 , 10.213600 , 14.070000 , 0.010000 , 998.968800 , 0.254000 , 0.010900 , 9.741000 , 0.000000
160.500000 , 12.519000 , 15.983300 , 7.984097 , 0.722800 , 83.469600 , 2.594300 , 0.307000 , 10.169200 , 14.268000 , 0.010000 , 999.013600 , 0.263000 , 0.010800 , 9.740000 , 0.000000
161.250000 , 12.720000 , 15.782900 , 7.956127 , 0.750000 , 82.904600 , 2.613100 , 0.339000 , 10.097400 , 14.473000 , 0.010000 , 999.046800 , 0.268000 , 0.010700 , 9.753000 , 0.000000
162.000000 , 12.922000 , 15.605100 , 7.926711 , 0.782300 , 82.238500 , 2.634000 , 0.367000 , 10.015000 , 14.679000 , 0.010000 , 999.076000 , 0.275000 , 0.010600 , 9.759000 , 0.000000
162.750000 , 13.132000 , 15.418500 , 7.901094 , 0.820200 , 81.464500 , 2.672600 , 0.383000 , 9.939000 , 14.893000 , 0.010000 , 999.106300 , 0.284000 , 0.010600 , 9.773000 , 0.000000
163.500000 , 13.348000 , 15.261100 , 7.861544 , 0.860100 , 80.655500 , 2.690800 , 0.401000 , 9.864100 , 15.113000 , 0.000000 , 999.131600 , 0.287000 , 0.010500 , 9.762000 , 0.000000
164.125000 , 13.527000 , 15.141800 , 7.804102 , 0.892500 , 80.005000 , 2.720450 , 0.422500 , 9.789850 , 15.295500 , 0.000000 , 999.150700 , 0.287000 , 0.010400 , 9.720000 , 0.000000
164.750000 , 13.707000 , 15.028900 , 7.780031 , 0.923000 , 79.396700 , 2.790500 , 0.438000 , 9.700800 , 15.479000 , 0.000000 , 999.168700 , 0.288000 , 0.010400 , 9.715000 , 0.000000
165.500000 , 13.923000 , 14.899100 , 7.760294 , 0.953800 , 78.787400 , 2.889400 , 0.441000 , 9.580300 , 15.700000 , -0.000000 , 999.189200 , 0.287000 , 0.010300 , 9.724000 , 0.000000
166.250000 , 14.137000 , 14.752200 , 7.746057 , 0.982700 , 78.218500 , 2.920400 , 0.435000 , 9.456300 , 15.918000 , -0.000000 , 999.212100 , 0.284000 , 0.010300 , 9.739000 , 0.000000
166.875000 , 14.314000 , 14.616650 , 7.710171 , 1.006800 , 77.749100 , 2.960950 , 0.426000 , 9.352550 , 16.098500 , -0.005000 , 999.232850 , 0.281500 , 0.010200 , 9.730000 , 0.000000
167.500000 , 14.489000 , 14.486600 , 7.694775 , 1.021100 , 77.470700 , 3.056000 , 0.438000 , 9.249600 , 16.277000 , -0.000000 , 999.252600 , 0.278000 , 0.010100 , 9.741000 , 0.000000
168.250000 , 14.696000 , 14.352100 , 7.671046 , 1.033100 , 77.239800 , 3.161600 , 0.469000 , 9.125600 , 16.488000 , -0.000000 , 999.272900 , 0.277000 , 0.010100 , 9.745000 , 0.000000
169.000000 , 14.904000 , 14.237300 , 7.672689 , 1.051200 , 76.890200 , 3.292400 , 0.462000 , 9.001100 , 16.700000 , -0.000000 , 999.290300 , 0.274000 , 0.010000 , 9.776000 , 0.000000
169.750000 , 15.107000 , 14.135700 , 7.672731 , 1.061500 , 76.692700 , 3.315400 , 0.444000 , 8.878100 , 16.907000 , -0.000000 , 999.305600 , 0.273000 , 0.010000 , 9.800000 , 0.000000
170.500000 , 15.313000 , 14.035600 , 7.636531 , 1.070100 , 76.526800 , 3.244800 , 0.445000 , 8.760200 , 17.117000 , 0.000000 , 999.320500 , 0.274000 , 0.010000 , 9.781000 , 0.000000
171.250000 , 15.519000 , 13.944300 , 7.619416 , 1.072600 , 76.478600 , 3.185100 , 0.462000 , 8.655100 , 17.327000 , 0.000000 , 999.334200 , 0.277000 , 0.009900 , 9.782000 , 0.000000
171.875000 , 15.693000 , 13.867100 , 7.610154 , 1.068200 , 76.562950 , 3.127300 , 0.470500 , 8.582100 , 17.504500 , 0.000000 , 999.345650 , 0.278000 , 0.009900 , 9.789000 , 0.000000
172.500000 , 15.867000 , 13.786200 , 7.582628 , 1.061400 , 76.693600 , 3.076300 , 0.458000 , 8.513800 , 17.682000 , -0.000000 , 999.357500 , 0.277000 , 0.009800 , 9.774000 , 0.000000
173.250000 , 16.074000 , 13.686000 , 7.540281 , 1.049500 , 76.922100 , 3.120900 , 0.440000 , 8.426600 , 17.893000 , -0.010000 , 999.372100 , 0.274000 , 0.009800 , 9.742000 , 0.000000
174.000000 , 16.278000 , 13.590500 , 7.544554 , 1.039000 , 77.125200 , 3.131700 , 0.424000 , 8.336900 , 18.101000 , -0.010000 , 999.385900 , 0.270000 , 0.009800 , 9.772000 , 0.000000
174.750000 , 16.479000 , 13.494800 , 7.521808 , 1.022700 , 77.440700 , 3.080400 , 0.407000 , 8.242400 , 18.306000 , -0.000000 , 999.399600 , 0.268000 , 0.009700 , 9.769000 , 0.000000
