analysis/ctd/Cherry Lake June24_2014_down.txt
* Sea-Bird SBE25 Data File:
* FileName = C:\Documents and Settings\Field User\Desktop\Cherry Lake June24_2014.hex
* Software Version 1.59
* Temperature SN = 2360
* Conductivity SN = 2021
* System UpLoad Time = Jun 25 2014 07:14:28
** Cherry Lake Rim Fire June 24 2014
* ds
# nquan = 18                                
# nvalues = 5882                        
# units = specified
# name 0 = timeS: Time, Elapsed [seconds]
# name 1 = prSM: Pressure, Strain Gauge [db]
# name 2 = t090C: Temperature [ITS-90, deg C]
# name 3 = c0uS/cm: Conductivity [uS/cm]
# name 4 = bat: Beam Attenuation, Chelsea/Seatech [1/m]
# name 5 = xmiss: Beam Transmission, Chelsea/Seatech [%]
# name 6 = wetStar: Fluorescence, WET Labs WETstar [mg/m^3]
# name 7 = seaTurbMtr: Turbidity, Seapoint [FTU]
# name 8 = sbeox0Mg/L: Oxygen, SBE 43 [mg/l]
# name 9 = par: PAR/Irradiance, Biospherical/Licor
# name 10 = ph: pH
# name 11 = depFM: Depth [fresh water, m], lat = 0
# name 12 = accM: Acceleration [m/s^2], WS = 2
# name 13 = density00: Density [density, kg/m^3]
# name 14 = dz/dtM: Descent Rate [m/s], WS = 2
# name 15 = sal00: Salinity, Practical [PSU]
# name 16 = specc: Specific Conductance [uS/cm]
# span 0 =      0.000,    735.125       
# span 1 =     -0.908,     57.161       
# span 2 =     8.1808,    24.1342       
# span 3 =  -0.598243,  10.555539       
# span 4 =     0.3489,    11.4287       
# span 5 =     6.0684,    91.6521       
# span 6 =    -0.2910,    -0.2805       
# span 7 =      0.022,      0.036       
# span 8 =     4.1534,     8.1435       
# span 9 = 2.0041e-02, 4.2486e+03       
# span 10 =      5.762,     11.616      
# span 11 =     -0.926,     58.288      
# span 12 =      -0.22,       0.39      
# span 13 =   997.2611,  1000.1205      
# span 14 =     -0.277,      0.298      
# span 15 =     0.0000,     0.0134      
# span 16 =     -0.612,     11.373      
# span 17 = 0.0000e+00, 0.0000e+00      
# interval = seconds: 0.125
# start_time = Jun 24 2014 16:15:11 [Instrument's time stamp, header]
# bad_flag = -9.990e-29
*END*
[from data line 83]
249.125000 , 16.337000 , 12.935700 , 5.951011 , 1.011600 , 77.654100 , -0.288100 , 0.029000 , 7.833400 , 7.169500 , 9.061000 , 17.684000 , 0.060000 , 999.470700 , 0.215000 , 0.008700 , 7.845000
249.937500 , 16.542000 , 12.851250 , 6.060734 , 0.994250 , 77.992900 , -0.284650 , 0.029000 , 7.841600 , 6.799050 , 9.035500 , 17.893000 , 0.035000 , 999.482350 , 0.259000 , 0.008800 , 8.005500
250.687500 , 16.742500 , 12.782500 , 5.984756 , 0.989850 , 78.077800 , -0.286450 , 0.028000 , 7.831550 , 6.462800 , 9.012500 , 18.097500 , -0.030000 , 999.491800 , 0.253500 , 0.008700 , 7.921000
251.500000 , 16.938000 , 12.723700 , 5.960857 , 0.980400 , 78.261800 , -0.287500 , 0.031000 , 7.827400 , 6.137200 , 8.984000 , 18.297000 , -0.010000 , 999.500000 , 0.235000 , 0.008700 , 7.907000
252.375000 , 17.141000 , 12.643300 , 5.992264 , 0.966100 , 78.544100 , -0.286400 , 0.026000 , 7.870400 , 5.779000 , 8.960000 , 18.504000 , -0.010000 , 999.510900 , 0.231000 , 0.008700 , 7.960000
253.250000 , 17.337000 , 12.567200 , 5.995060 , 0.964400 , 78.577900 , -0.286300 , 0.029000 , 7.810100 , 5.541400 , 8.929000 , 18.704000 , -0.010000 , 999.521100 , 0.222000 , 0.008600 , 7.980000
254.125000 , 17.535000 , 12.510500 , 5.988866 , 0.949900 , 78.860600 , -0.288000 , 0.029000 , 7.763000 , 5.303100 , 8.899000 , 18.906000 , -0.010000 , 999.528900 , 0.212000 , 0.008600 , 7.988000
255.125000 , 17.731000 , 12.445000 , 5.936845 , 0.944000 , 78.979300 , -0.284500 , 0.029000 , 7.905800 , 4.972100 , 8.871000 , 19.106000 , -0.010000 , 999.537700 , 0.191000 , 0.008600 , 7.928000
256.125000 , 17.920000 , 12.386100 , 5.928640 , 0.932900 , 79.196700 , -0.286000 , 0.028000 , 8.029800 , 4.686300 , 8.836000 , 19.298000 , 0.020000 , 999.545600 , 0.200000 , 0.008500 , 7.929000
257.062500 , 18.119000 , 12.331850 , 5.851007 , 0.934250 , 79.171200 , -0.286150 , 0.027500 , 8.115150 , 4.442300 , 8.806000 , 19.501500 , -0.010000 , 999.552900 , 0.210500 , 0.008500 , 7.833500
258.062500 , 18.323500 , 12.289950 , 5.865439 , 0.918750 , 79.478050 , -0.284100 , 0.028000 , 8.106600 , 4.222800 , 8.771500 , 19.710000 , -0.010000 , 999.558850 , 0.200000 , 0.008450 , 7.867500
259.062500 , 18.520500 , 12.252950 , 5.876957 , 0.918800 , 79.477100 , -0.287000 , 0.030000 , 7.962400 , 4.060950 , 8.740500 , 19.910500 , 0.000000 , 999.564150 , 0.190500 , 0.008450 , 7.887500
260.062500 , 18.710000 , 12.226150 , 5.885400 , 0.918100 , 79.491200 , -0.285000 , 0.031000 , 7.801250 , 3.861200 , 8.708000 , 20.104000 , 0.010000 , 999.568200 , 0.193500 , 0.008400 , 7.905000
261.000000 , 18.892000 , 12.212600 , 5.901626 , 0.909800 , 79.657100 , -0.286400 , 0.024000 , 7.813400 , 3.680400 , 8.679000 , 20.289000 , 0.010000 , 999.570700 , 0.209000 , 0.008400 , 7.930000
262.000000 , 19.110000 , 12.196100 , 5.831535 , 0.898900 , 79.874000 , -0.284500 , 0.027000 , 7.969200 , 3.491200 , 8.649000 , 20.512000 , -0.030000 , 999.573600 , 0.190000 , 0.008400 , 7.842000
263.062500 , 19.285500 , 12.159900 , 5.893720 , 0.907450 , 79.703500 , -0.285350 , 0.028500 , 7.906550 , 3.268250 , 8.616000 , 20.690500 , 0.030000 , 999.578650 , 0.184000 , 0.008400 , 7.929000
264.062500 , 19.492500 , 12.112100 , 5.853796 , 0.898150 , 79.888500 , -0.285050 , 0.031000 , 7.840050 , 3.121300 , 8.591000 , 20.902000 , -0.005000 , 999.585200 , 0.199500 , 0.008400 , 7.885000
265.062500 , 19.683500 , 12.064400 , 5.802135 , 0.897650 , 79.899350 , -0.284250 , 0.029500 , 7.775900 , 2.929900 , 8.561000 , 21.096500 , 0.005000 , 999.591550 , 0.195500 , 0.008300 , 7.827500
266.000000 , 19.872000 , 12.012400 , 5.879958 , 0.890600 , 80.040300 , -0.284000 , 0.026000 , 7.886400 , 2.772400 , 8.534000 , 21.289000 , 0.030000 , 999.598400 , 0.220000 , 0.008400 , 7.943000
266.875000 , 20.081000 , 11.955000 , 5.815883 , 0.880400 , 80.243100 , -0.285500 , 0.029000 , 7.940700 , 2.653200 , 8.509000 , 21.502000 , -0.020000 , 999.606000 , 0.229000 , 0.008300 , 7.870000
267.812500 , 20.281500 , 11.911500 , 5.887362 , 0.878550 , 80.280600 , -0.287700 , 0.027500 , 7.944750 , 2.547400 , 8.483000 , 21.706500 , -0.015000 , 999.611900 , 0.200500 , 0.008300 , 7.977500
268.750000 , 20.464000 , 11.845600 , 5.868259 , 0.889400 , 80.063800 , -0.285000 , 0.029000 , 7.972400 , 2.436200 , 8.456000 , 21.892000 , 0.010000 , 999.620200 , 0.208000 , 0.008300 , 7.965000
269.750000 , 20.679000 , 11.794400 , 5.842416 , 0.869800 , 80.457500 , -0.288500 , 0.030000 , 7.907000 , 2.314600 , 8.433000 , 22.112000 , -0.030000 , 999.626900 , 0.188000 , 0.008200 , 7.943000
270.812500 , 20.861000 , 11.753450 , 5.774055 , 0.854050 , 80.774200 , -0.286050 , 0.028000 , 7.844500 , 2.193800 , 8.409000 , 22.297500 , 0.020000 , 999.632350 , 0.189000 , 0.008200 , 7.855000
271.812500 , 21.064000 , 11.707500 , 5.811201 , 0.860900 , 80.636400 , -0.285000 , 0.029000 , 7.842300 , 2.079350 , 8.384000 , 22.504500 , 0.005000 , 999.638400 , 0.203500 , 0.008200 , 7.916000
272.750000 , 21.257000 , 11.643900 , 5.739729 , 0.851700 , 80.820900 , -0.287500 , 0.027000 , 7.808400 , 1.990700 , 8.365000 , 22.701000 , -0.010000 , 999.646300 , 0.202000 , 0.008100 , 7.828000
273.750000 , 21.451000 , 11.606300 , 5.738665 , 0.855200 , 80.750200 , -0.284600 , 0.028000 , 7.817100 , 1.908400 , 8.340000 , 22.899000 , 0.020000 , 999.651400 , 0.200000 , 0.008100 , 7.844000
274.687500 , 21.653500 , 11.555250 , 5.797833 , 0.848800 , 80.878800 , -0.284050 , 0.027000 , 7.759800 , 1.801850 , 8.317000 , 23.105500 , 0.025000 , 999.657900 , 0.229500 , 0.008100 , 7.930000
275.500000 , 21.844000 , 11.525100 , 5.718238 , 0.844300 , 80.971500 , -0.287300 , 0.031000 , 7.763000 , 1.706700 , 8.302000 , 23.300000 , -0.010000 , 999.662000 , 0.234000 , 0.008100 , 7.829000
276.375000 , 22.051000 , 11.501000 , 5.700938 , 0.845700 , 80.942900 , -0.286600 , 0.030000 , 7.739500 , 1.623400 , 8.286000 , 23.511000 , -0.040000 , 999.665600 , 0.211000 , 0.008100 , 7.810000
277.375000 , 22.233000 , 11.450300 , 5.723016 , 0.837400 , 81.110700 , -0.284700 , 0.029000 , 7.737200 , 1.521300 , 8.263000 , 23.696000 , -0.020000 , 999.671900 , 0.179000 , 0.008000 , 7.852000
278.437500 , 22.420500 , 11.426150 , 5.747929 , 0.838400 , 81.091250 , -0.285550 , 0.029000 , 7.730450 , 1.432600 , 8.242000 , 23.887500 , 0.065000 , 999.675500 , 0.218500 , 0.008050 , 7.890500
279.250000 , 22.633000 , 11.408000 , 5.675967 , 0.840600 , 81.046000 , -0.287200 , 0.031000 , 7.696700 , 1.384600 , 8.226000 , 24.104000 , 0.010000 , 999.678400 , 0.257000 , 0.008000 , 7.794000
280.000000 , 22.824000 , 11.361500 , 5.715010 , 0.840500 , 81.048100 , -0.285400 , 0.029000 , 7.700700 , 1.333500 , 8.215000 , 24.299000 , -0.020000 , 999.684200 , 0.248000 , 0.008000 , 7.857000
280.812500 , 23.020500 , 11.335800 , 5.699749 , 0.842900 , 80.999400 , -0.282900 , 0.028500 , 7.704550 , 1.276600 , 8.200000 , 24.499500 , 0.010000 , 999.687900 , 0.245000 , 0.008000 , 7.843000
281.562500 , 23.205500 , 11.274350 , 5.622281 , 0.828150 , 81.298150 , -0.284900 , 0.029000 , 7.730450 , 1.209450 , 8.183500 , 24.688000 , 0.000000 , 999.695200 , 0.254000 , 0.007900 , 7.752000
282.375000 , 23.417000 , 11.225600 , 5.644524 , 0.827800 , 81.307200 , -0.285600 , 0.029000 , 7.729800 , 1.150500 , 8.169000 , 24.904000 , -0.020000 , 999.701300 , 0.247000 , 0.007900 , 7.784000
283.250000 , 23.622000 , 11.175200 , 5.678481 , 0.820700 , 81.451500 , -0.285500 , 0.027000 , 7.697600 , 1.096200 , 8.153000 , 25.113000 , -0.030000 , 999.707600 , 0.223000 , 0.007900 , 7.848000
284.187500 , 23.817500 , 11.124750 , 5.677805 , 0.815050 , 81.566300 , -0.286500 , 0.026500 , 7.582450 , 1.051650 , 8.138500 , 25.312000 , -0.000000 , 999.713750 , 0.203500 , 0.007900 , 7.854000
285.125000 , 24.012000 , 11.075500 , 5.586325 , 0.828000 , 81.303700 , -0.285300 , 0.026000 , 7.590100 , 1.011500 , 8.122000 , 25.510000 , 0.010000 , 999.719700 , 0.211000 , 0.007800 , 7.740000
286.062500 , 24.205500 , 11.008600 , 5.623666 , 0.834500 , 81.170100 , -0.286300 , 0.028500 , 7.683600 , 0.965285 , 8.104500 , 25.707500 , -0.010000 , 999.727450 , 0.205500 , 0.007800 , 7.808000
287.000000 , 24.399000 , 10.941100 , 5.630505 , 0.819400 , 81.476700 , -0.283400 , 0.027000 , 7.742900 , 0.922750 , 8.091000 , 25.905000 , 0.010000 , 999.735200 , 0.211000 , 0.007800 , 7.826000
287.875000 , 24.590000 , 10.878900 , 5.619150 , 0.822000 , 81.424200 , -0.287400 , 0.027000 , 7.754000 , 0.880640 , 8.081000 , 26.100000 , 0.030000 , 999.742300 , 0.231000 , 0.007700 , 7.831000
288.687500 , 24.787000 , 10.799200 , 5.610252 , 0.821400 , 81.436550 , -0.286500 , 0.030500 , 7.809850 , 0.841365 , 8.074000 , 26.300500 , 0.020000 , 999.751200 , 0.249000 , 0.007700 , 7.831500
289.437500 , 24.977500 , 10.704150 , 5.640370 , 0.805100 , 81.769000 , -0.286350 , 0.030500 , 7.778400 , 0.799210 , 8.069000 , 26.495000 , -0.030000 , 999.761500 , 0.243000 , 0.007700 , 7.894500
290.312500 , 25.176500 , 10.640350 , 5.688966 , 0.802750 , 81.815600 , -0.287600 , 0.029000 , 7.764400 , 0.759320 , 8.054000 , 26.698000 , -0.040000 , 999.768650 , 0.210500 , 0.007700 , 7.977500
291.312500 , 25.371000 , 10.588800 , 5.689027 , 0.801450 , 81.842700 , -0.284900 , 0.031000 , 7.685150 , 0.725475 , 8.040000 , 26.896000 , 0.025000 , 999.774600 , 0.209000 , 0.007700 , 7.992500
292.187500 , 25.572000 , 10.540800 , 5.607973 , 0.796050 , 81.953600 , -0.283900 , 0.028500 , 7.719150 , 0.698735 , 8.022000 , 27.101000 , 0.005000 , 999.780100 , 0.225000 , 0.007600 , 7.887500
293.062500 , 25.758500 , 10.490350 , 5.611726 , 0.789550 , 82.086900 , -0.285550 , 0.029000 , 7.768350 , 0.671590 , 8.011500 , 27.291500 , 0.000000 , 999.785800 , 0.222000 , 0.007600 , 7.906500
294.000000 , 25.976000 , 10.429900 , 5.557465 , 0.795100 , 81.972200 , -0.288000 , 0.030000 , 7.795900 , 0.644320 , 8.001000 , 27.513000 , 0.020000 , 999.792600 , 0.231000 , 0.007500 , 7.844000
294.812500 , 26.161000 , 10.397950 , 5.542791 , 0.786200 , 82.156050 , -0.285950 , 0.026000 , 7.768550 , 0.613815 , 7.989000 , 27.701500 , 0.015000 , 999.796400 , 0.248000 , 0.007500 , 7.829000
295.562500 , 26.361000 , 10.366550 , 5.528847 , 0.793250 , 82.010350 , -0.285900 , 0.028000 , 7.736150 , 0.585530 , 7.988000 , 27.905500 , 0.005000 , 999.800300 , 0.254500 , 0.007500 , 7.813500
296.312500 , 26.545500 , 10.310950 , 5.513241 , 0.796750 , 81.938950 , -0.284450 , 0.028500 , 7.737800 , 0.557015 , 7.978000 , 28.094000 , -0.015000 , 999.806300 , 0.249000 , 0.007500 , 7.807500
297.125000 , 26.748000 , 10.247200 , 5.473629 , 0.795700 , 81.961400 , -0.286500 , 0.030000 , 7.739300 , 0.538820 , 7.970000 , 28.300000 , -0.020000 , 999.813200 , 0.231000 , 0.007400 , 7.764000
298.000000 , 26.937000 , 10.166600 , 5.495193 , 0.805100 , 81.769000 , -0.285300 , 0.026000 , 7.790200 , 0.515360 , 7.963000 , 28.493000 , 0.010000 , 999.821400 , 0.229000 , 0.007400 , 7.806000
298.875000 , 27.145000 , 10.075400 , 5.463196 , 0.809700 , 81.674900 , -0.287700 , 0.031000 , 7.820000 , 0.491230 , 7.955000 , 28.705000 , -0.000000 , 999.830600 , 0.232000 , 0.007300 , 7.785000
299.687500 , 27.333000 , 10.038300 , 5.555902 , 0.798400 , 81.905800 , -0.284500 , 0.030000 , 7.797750 , 0.466055 , 7.945000 , 28.897000 , 0.030000 , 999.834900 , 0.242000 , 0.007350 , 7.930000
300.437500 , 27.518500 , 9.984200 , 5.495529 , 0.789900 , 82.079700 , -0.284650 , 0.030500 , 7.752850 , 0.441495 , 7.939500 , 29.086000 , 0.025000 , 999.840550 , 0.266000 , 0.007300 , 7.856500
301.187500 , 27.735000 , 9.944350 , 5.447947 , 0.779650 , 82.291100 , -0.288000 , 0.031000 , 7.878200 , 0.427895 , 7.932000 , 29.306500 , -0.010000 , 999.845050 , 0.265000 , 0.007300 , 7.794500
301.937500 , 27.917500 , 9.890250 , 5.435338 , 0.784950 , 82.181450 , -0.285100 , 0.027500 , 7.847400 , 0.415110 , 7.923000 , 29.493000 , -0.035000 , 999.850650 , 0.245000 , 0.007200 , 7.790000
302.875000 , 28.140000 , 9.834400 , 5.457675 , 0.787400 , 82.131000 , -0.285600 , 0.028000 , 7.791300 , 0.396010 , 7.916000 , 29.720000 , -0.100000 , 999.856500 , 0.182000 , 0.007200 , 7.835000
304.937500 , 28.293500 , 9.799200 , 5.522253 , 0.794100 , 81.994650 , -0.286700 , 0.029000 , 7.561050 , 0.383465 , 7.881000 , 29.876500 , 0.015000 , 999.860350 , 0.065000 , 0.007200 , 7.933000
306.812500 , 28.506000 , 9.734450 , 5.433218 , 0.798200 , 81.909700 , -0.284650 , 0.030500 , 7.690300 , 0.359020 , 7.870000 , 30.093000 , 0.115000 , 999.866850 , 0.239000 , 0.007150 , 7.820500
307.500000 , 28.700000 , 9.723900 , 5.454340 , 0.796400 , 81.946900 , -0.283600 , 0.030000 , 7.751800 , 0.341630 , 7.867000 , 30.291000 , 0.020000 , 999.868700 , 0.281000 , 0.007200 , 7.853000
308.187500 , 28.902000 , 9.689700 , 5.509448 , 0.791200 , 82.054000 , -0.284600 , 0.031000 , 7.728550 , 0.333435 , 7.861500 , 30.497000 , -0.040000 , 999.872550 , 0.266500 , 0.007200 , 7.942500
309.000000 , 29.095000 , 9.659900 , 5.455346 , 0.786600 , 82.148300 , -0.286200 , 0.028000 , 7.681500 , 0.323280 , 7.855000 , 30.694000 , -0.020000 , 999.876000 , 0.241000 , 0.007100 , 7.868000
309.875000 , 29.306000 , 9.611000 , 5.518692 , 0.790900 , 82.060400 , -0.286600 , 0.031000 , 7.675000 , 0.309600 , 7.851000 , 30.909000 , 0.010000 , 999.881100 , 0.236000 , 0.007200 , 7.969000
310.687500 , 29.496000 , 9.580150 , 5.501346 , 0.793250 , 82.011400 , -0.286600 , 0.028500 , 7.681300 , 0.297015 , 7.843500 , 31.102500 , 0.025000 , 999.884550 , 0.255500 , 0.007100 , 7.955500
311.437500 , 29.703000 , 9.544550 , 5.496842 , 0.786100 , 82.158300 , -0.288150 , 0.028000 , 7.667150 , 0.283995 , 7.842500 , 31.313500 , -0.030000 , 999.888450 , 0.252500 , 0.007100 , 7.954000
312.250000 , 29.891000 , 9.525000 , 5.439741 , 0.786700 , 82.146800 , -0.286700 , 0.029000 , 7.705900 , 0.273560 , 7.840000 , 31.505000 , -0.010000 , 999.891000 , 0.235000 , 0.007100 , 7.877000
313.062500 , 30.085500 , 9.491000 , 5.538820 , 0.783400 , 82.213900 , -0.285750 , 0.029500 , 7.652750 , 0.265790 , 7.832000 , 31.703500 , -0.010000 , 999.894700 , 0.228000 , 0.007100 , 8.028000
313.875000 , 30.260000 , 9.456200 , 5.474108 , 0.790800 , 82.060800 , -0.285600 , 0.027000 , 7.601200 , 0.255860 , 7.826000 , 31.882000 , 0.010000 , 999.898400 , 0.229000 , 0.007100 , 7.943000
314.750000 , 30.472000 , 9.418600 , 5.476581 , 0.801600 , 81.839100 , -0.286500 , 0.029000 , 7.626500 , 0.245310 , 7.819000 , 32.098000 , 0.010000 , 999.902400 , 0.241000 , 0.007000 , 7.958000
315.562500 , 30.667500 , 9.388150 , 5.510105 , 0.799100 , 81.892400 , -0.286000 , 0.028500 , 7.707050 , 0.234505 , 7.813500 , 32.297000 , -0.010000 , 999.905850 , 0.237500 , 0.007000 , 8.010000
316.437500 , 30.871500 , 9.333700 , 5.519780 , 0.807900 , 81.711650 , -0.285150 , 0.028000 , 7.702800 , 0.226645 , 7.808000 , 32.505000 , -0.030000 , 999.911150 , 0.217000 , 0.007000 , 8.037000
317.437500 , 31.071000 , 9.306100 , 5.557951 , 0.817500 , 81.516400 , -0.286750 , 0.029500 , 7.584800 , 0.218970 , 7.800500 , 32.708500 , -0.030000 , 999.914300 , 0.184000 , 0.007000 , 8.099000
318.500000 , 31.248000 , 9.269400 , 5.468108 , 0.810600 , 81.656000 , -0.286600 , 0.028000 , 7.537500 , 0.210940 , 7.785000 , 32.889000 , 0.020000 , 999.918000 , 0.174000 , 0.007000 , 7.978000
319.500000 , 31.446000 , 9.249700 , 5.480774 , 0.822400 , 81.414100 , -0.286500 , 0.028000 , 7.554900 , 0.202500 , 7.785000 , 33.091000 , 0.060000 , 999.920500 , 0.237000 , 0.007000 , 8.001000
320.312500 , 31.663000 , 9.233550 , 5.483836 , 0.829500 , 81.271600 , -0.283900 , 0.029000 , 7.546200 , 0.195905 , 7.778500 , 33.312500 , 0.005000 , 999.922850 , 0.258000 , 0.007000 , 8.009500
321.062500 , 31.850000 , 9.220050 , 5.448540 , 0.827850 , 81.304700 , -0.284650 , 0.031000 , 7.630550 , 0.192650 , 7.775000 , 33.503000 , -0.020000 , 999.924800 , 0.250000 , 0.006900 , 7.961000
321.875000 , 32.052000 , 9.205700 , 5.474217 , 0.830000 , 81.260700 , -0.286400 , 0.029000 , 7.628500 , 0.185970 , 7.770000 , 33.709000 , -0.010000 , 999.926900 , 0.239000 , 0.006900 , 8.000000
