analysis/ctd/Cherry Lake June24_2014_down.txt
* Sea-Bird SBE25 Data File:
* FileName = C:\Documents and Settings\Field User\Desktop\Cherry Lake June24_2014.hex
* Software Version 1.59
* Temperature SN = 2360
* Conductivity SN = 2021
* System UpLoad Time = Jun 25 2014 07:14:28
** Cherry Lake Rim Fire June 24 2014
* ds
# nquan = 18                                
# nvalues = 5882                        
# units = specified
# name 0 = timeS: Time, Elapsed [seconds]
# name 1 = prSM: Pressure, Strain Gauge [db]
# name 2 = t090C: Temperature [ITS-90, deg C]
# name 3 = c0uS/cm: Conductivity [uS/cm]
# name 4 = bat: Beam Attenuation, Chelsea/Seatech [1/m]
# name 5 = xmiss: Beam Transmission, Chelsea/Seatech [%]
# name 6 = wetStar: Fluorescence, WET Labs WETstar [mg/m^3]
# name 7 = seaTurbMtr: Turbidity, Seapoint [FTU]
# name 8 = sbeox0Mg/L: Oxygen, SBE 43 [mg/l]
# name 9 = par: PAR/Irradiance, Biospherical/Licor
# name 10 = ph: pH
# name 11 = depFM: Depth [fresh water, m], lat = 0
# name 12 = accM: Acceleration [m/s^2], WS = 2
# name 13 = density00: Density [density, kg/m^3]
# name 14 = dz/dtM: Descent Rate [m/s], WS = 2
# name 15 = sal00: Salinity, Practical [PSU]
# name 16 = specc: Specific Conductance [uS/cm]
# span 0 =      0.000,    735.125       
# span 1 =     -0.908,     57.161       
# span 2 =     8.1808,    24.1342       
# span 3 =  -0.598243,  10.555539       
# span 4 =     0.3489,    11.4287       
# span 5 =     6.0684,    91.6521       
# span 6 =    -0.2910,    -0.2805       
# span 7 =      0.022,      0.036       
# span 8 =     4.1534,     8.1435       
# span 9 = 2.0041e-02, 4.2486e+03       
# span 10 =      5.762,     11.616      
# span 11 =     -0.926,     58.288      
# span 12 =      -0.22,       0.39      
# span 13 =   997.2611,  1000.1205      
# span 14 =     -0.277,      0.298      
# span 15 =     0.0000,     0.0134      
# span 16 =     -0.612,     11.373      
# span 17 = 0.0000e+00, 0.0000e+00      
# interval = seconds: 0.125
# start_time = Jun 24 2014 16:15:11 [Instrument's time stamp, header]
# bad_flag = -9.990e-29
*END*
165.000000 , 0.066000 , 21.385400 , 8.290193 , 0.826000 , 81.342500 , -0.285500 , 0.028000 , 4.658600 , 1101.000000 , 8.664000 , 1.092000 , 0.010000 , 997.919300 , 0.106000 , 0.012600 , 8.940000
166.625000 , 0.276000 , 21.396700 , 8.285572 , 0.832800 , 81.205500 , -0.286600 , 0.030000 , 4.658200 , 1007.400000 , 8.673000 , 1.306000 , 0.010000 , 997.917800 , 0.141000 , 0.012600 , 8.927000
167.875000 , 0.457000 , 21.363200 , 8.245217 , 0.827600 , 81.309200 , -0.287100 , 0.029000 , 4.749100 , 841.170000 , 8.655000 , 1.491000 , 0.030000 , 997.926000 , 0.166000 , 0.012500 , 8.894000
169.062500 , 0.674000 , 21.339050 , 8.332009 , 0.831800 , 81.225000 , -0.286050 , 0.030500 , 4.803750 , 666.960000 , 8.613000 , 1.712000 , -0.020000 , 997.932100 , 0.159500 , 0.012600 , 8.982000
170.437500 , 0.869500 , 21.364550 , 8.369905 , 0.834150 , 81.177500 , -0.285450 , 0.028000 , 4.798750 , 555.245000 , 8.566500 , 1.911500 , -0.020000 , 997.927450 , 0.130500 , 0.012600 , 9.021000
172.000000 , 1.052000 , 21.392300 , 8.465439 , 0.837600 , 81.106800 , -0.285700 , 0.029000 , 4.699200 , 514.650000 , 8.525000 , 2.098000 , -0.000000 , 997.922300 , 0.119000 , 0.012600 , 9.123000
173.562500 , 1.232000 , 21.304400 , 8.415441 , 0.843150 , 80.994650 , -0.286550 , 0.028500 , 4.703800 , 474.515000 , 8.493000 , 2.281000 , 0.050000 , 997.942500 , 0.139500 , 0.012600 , 9.086500
174.812500 , 1.458000 , 21.077400 , 8.416201 , 0.848900 , 80.877550 , -0.284650 , 0.027500 , 4.764900 , 443.870000 , 8.474500 , 2.512000 , 0.010000 , 997.993300 , 0.189500 , 0.012500 , 9.117000
175.812500 , 1.642000 , 21.041750 , 8.369072 , 0.855400 , 80.747550 , -0.285300 , 0.028000 , 4.745950 , 464.330000 , 8.466000 , 2.699500 , 0.015000 , 998.001750 , 0.193000 , 0.012500 , 9.094500
176.750000 , 1.834000 , 20.966800 , 8.406096 , 0.857000 , 80.713100 , -0.284100 , 0.029000 , 4.690200 , 470.620000 , 8.456000 , 2.895000 , 0.030000 , 998.019200 , 0.212000 , 0.012500 , 9.139000
177.562500 , 2.008500 , 20.873550 , 8.410283 , 0.857650 , 80.701500 , -0.286500 , 0.026000 , 4.714700 , 435.920000 , 8.452500 , 3.073000 , 0.070000 , 998.039800 , 0.263500 , 0.012500 , 9.165500
178.250000 , 2.225000 , 20.791100 , 8.442093 , 0.862800 , 80.598100 , -0.285900 , 0.029000 , 4.753100 , 446.340000 , 8.448000 , 3.294000 , 0.020000 , 998.058900 , 0.295000 , 0.012500 , 9.219000
178.937500 , 2.425500 , 20.838700 , 8.372718 , 0.857200 , 80.711600 , -0.286400 , 0.026000 , 4.802500 , 414.730000 , 8.444000 , 3.498000 , -0.095000 , 998.049350 , 0.263000 , 0.012400 , 9.131500
179.875000 , 2.629000 , 20.883100 , 8.496168 , 0.860000 , 80.655200 , -0.284700 , 0.028000 , 4.838200 , 382.270000 , 8.441000 , 3.706000 , -0.080000 , 998.040900 , 0.178000 , 0.012500 , 9.256000
181.125000 , 2.809000 , 20.965800 , 8.582981 , 0.857800 , 80.696700 , -0.288100 , 0.027000 , 4.829700 , 358.240000 , 8.444000 , 3.889000 , 0.010000 , 998.024100 , 0.151000 , 0.012600 , 9.350000
182.437500 , 3.022000 , 21.117800 , 8.617180 , 0.861650 , 80.621450 , -0.285050 , 0.028000 , 4.832950 , 380.625000 , 8.448000 , 4.106500 , 0.005000 , 997.991650 , 0.160000 , 0.012600 , 9.335000
183.625000 , 3.220000 , 20.898800 , 8.611982 , 0.865900 , 80.536400 , -0.285600 , 0.028000 , 4.898000 , 399.760000 , 8.449000 , 4.308000 , 0.020000 , 998.039900 , 0.179000 , 0.012600 , 9.397000
184.687500 , 3.416500 , 20.686200 , 8.529120 , 0.873000 , 80.392300 , -0.288150 , 0.029000 , 4.955350 , 366.845000 , 8.450000 , 4.509000 , -0.010000 , 998.086400 , 0.179500 , 0.012450 , 9.325000
185.687500 , 3.586500 , 20.519150 , 8.509278 , 0.873750 , 80.378400 , -0.287050 , 0.029500 , 5.036600 , 362.115000 , 8.451000 , 4.682000 , 0.020000 , 998.122650 , 0.193500 , 0.012400 , 9.342500
186.687500 , 3.802500 , 20.448100 , 8.361808 , 0.875500 , 80.342800 , -0.287600 , 0.027500 , 5.185600 , 345.080000 , 8.451000 , 4.902500 , -0.025000 , 998.138650 , 0.196000 , 0.012300 , 9.198500
187.750000 , 3.989000 , 20.431600 , 8.330523 , 0.878300 , 80.285500 , -0.284600 , 0.028000 , 5.357900 , 333.600000 , 8.455000 , 5.093000 , -0.010000 , 998.142800 , 0.178000 , 0.012300 , 9.168000
188.937500 , 4.192500 , 20.388200 , 8.159495 , 0.874900 , 80.354550 , -0.284650 , 0.027000 , 5.462700 , 310.210000 , 8.459500 , 5.300000 , -0.015000 , 998.152950 , 0.158500 , 0.012200 , 8.988000
190.062500 , 4.368500 , 20.329300 , 8.098288 , 0.876200 , 80.327750 , -0.284400 , 0.031000 , 5.460250 , 279.930000 , 8.465500 , 5.479500 , 0.050000 , 998.166150 , 0.192000 , 0.012200 , 8.930500
191.062500 , 4.588000 , 20.300900 , 8.067472 , 0.880800 , 80.236450 , -0.286000 , 0.028000 , 5.403600 , 282.560000 , 8.475000 , 5.703500 , 0.010000 , 998.173050 , 0.220500 , 0.012200 , 8.903500
192.000000 , 4.795000 , 20.282800 , 7.996593 , 0.884400 , 80.163800 , -0.287400 , 0.029000 , 5.435200 , 282.600000 , 8.476000 , 5.915000 , -0.010000 , 998.177800 , 0.216000 , 0.012100 , 8.829000
192.875000 , 4.977000 , 20.274100 , 8.124530 , 0.889600 , 80.059600 , -0.285300 , 0.031000 , 5.553200 , 256.410000 , 8.480000 , 6.100000 , 0.010000 , 998.180500 , 0.218000 , 0.012200 , 8.971000
193.750000 , 5.181000 , 20.270600 , 8.014308 , 0.891800 , 80.015500 , -0.284500 , 0.026000 , 5.665700 , 246.030000 , 8.482000 , 6.308000 , 0.010000 , 998.182100 , 0.228000 , 0.012100 , 8.850000
194.625000 , 5.374000 , 20.265500 , 7.965164 , 0.893000 , 79.990000 , -0.286300 , 0.027000 , 5.779100 , 246.590000 , 8.484000 , 6.505000 , 0.000000 , 998.184100 , 0.231000 , 0.012100 , 8.797000
195.437500 , 5.571000 , 20.225500 , 7.890405 , 0.888050 , 80.089350 , -0.286700 , 0.026500 , 5.881150 , 227.255000 , 8.495500 , 6.706000 , -0.025000 , 998.193300 , 0.224500 , 0.012100 , 8.724000
196.312500 , 5.748000 , 20.033900 , 7.900074 , 0.898400 , 79.882450 , -0.285550 , 0.027500 , 5.967650 , 215.410000 , 8.526000 , 6.886500 , -0.005000 , 998.233850 , 0.205500 , 0.012000 , 8.769500
197.312500 , 5.961000 , 19.747100 , 7.941549 , 0.963800 , 78.588450 , -0.285300 , 0.026500 , 6.016350 , 206.760000 , 8.571500 , 7.103500 , -0.010000 , 998.293700 , 0.204500 , 0.011950 , 8.863500
198.312500 , 6.151500 , 19.580450 , 7.873049 , 1.019850 , 77.492950 , -0.284350 , 0.028000 , 6.071550 , 199.425000 , 8.624000 , 7.298000 , -0.015000 , 998.328350 , 0.188000 , 0.011900 , 8.833500
199.375000 , 6.350000 , 19.112600 , 7.874394 , 1.063100 , 76.662400 , -0.286600 , 0.029000 , 6.123500 , 183.300000 , 8.714000 , 7.500000 , 0.010000 , 998.422500 , 0.190000 , 0.011700 , 8.955000
200.375000 , 6.546000 , 18.582200 , 7.800407 , 1.108300 , 75.801000 , -0.286200 , 0.027000 , 6.179100 , 171.440000 , 8.826000 , 7.700000 , 0.010000 , 998.526300 , 0.201000 , 0.011500 , 8.948000
201.312500 , 6.739000 , 18.286250 , 7.761202 , 1.133150 , 75.330350 , -0.285600 , 0.028500 , 6.277800 , 162.840000 , 8.915000 , 7.897000 , -0.010000 , 998.583250 , 0.198500 , 0.011400 , 8.957000
202.375000 , 6.939000 , 18.001700 , 7.711219 , 1.154000 , 74.939200 , -0.285600 , 0.029000 , 6.317300 , 153.640000 , 8.983000 , 8.101000 , -0.000000 , 998.637200 , 0.188000 , 0.011300 , 8.986000
203.500000 , 7.146000 , 17.796700 , 7.688700 , 1.179800 , 74.458300 , -0.284800 , 0.029000 , 6.272400 , 143.280000 , 9.060000 , 8.312000 , -0.020000 , 998.675800 , 0.171000 , 0.011200 , 8.982000
204.562500 , 7.313500 , 17.552150 , 7.601387 , 1.178050 , 74.490050 , -0.284900 , 0.029500 , 6.521700 , 133.250000 , 9.137500 , 8.482500 , 0.040000 , 998.720900 , 0.189500 , 0.011100 , 8.931000
205.562500 , 7.537000 , 17.369950 , 7.482437 , 1.189550 , 74.275250 , -0.286600 , 0.028500 , 6.476850 , 125.935000 , 9.199500 , 8.710500 , -0.020000 , 998.754450 , 0.203500 , 0.011000 , 8.819000
206.562500 , 7.720500 , 17.190650 , 7.503436 , 1.194400 , 74.185300 , -0.284500 , 0.029500 , 6.164350 , 119.505000 , 9.251500 , 8.897500 , 0.005000 , 998.787050 , 0.186500 , 0.011000 , 8.891000
207.562500 , 7.911500 , 16.986550 , 7.389335 , 1.216750 , 73.772900 , -0.284200 , 0.027000 , 6.408050 , 110.360000 , 9.302500 , 9.092500 , 0.010000 , 998.823550 , 0.194500 , 0.010900 , 8.799000
208.562500 , 8.108000 , 16.802550 , 7.380172 , 1.219400 , 73.724050 , -0.285650 , 0.029000 , 6.487050 , 104.085000 , 9.349500 , 9.293000 , -0.005000 , 998.856200 , 0.200000 , 0.010800 , 8.822000
209.562500 , 8.308500 , 16.694100 , 7.414397 , 1.209750 , 73.901050 , -0.284750 , 0.029000 , 6.397150 , 97.932000 , 9.391500 , 9.497500 , -0.010000 , 998.875650 , 0.193500 , 0.010800 , 8.890500
210.562500 , 8.504000 , 16.580200 , 7.290849 , 1.237050 , 73.398700 , -0.284950 , 0.029000 , 6.562200 , 90.856500 , 9.420500 , 9.696500 , -0.005000 , 998.895850 , 0.190500 , 0.010700 , 8.754000
211.687500 , 8.712500 , 16.433650 , 7.187220 , 1.235000 , 73.436050 , -0.286150 , 0.029000 , 6.631500 , 84.278000 , 9.466500 , 9.909500 , -0.015000 , 998.921450 , 0.169000 , 0.010600 , 8.667000
212.812500 , 8.892000 , 16.243000 , 7.134807 , 1.227950 , 73.565600 , -0.284600 , 0.030500 , 6.758450 , 77.610500 , 9.502000 , 10.092500 , 0.035000 , 998.953950 , 0.189000 , 0.010500 , 8.647000
213.750000 , 9.090000 , 16.104700 , 7.203341 , 1.229500 , 73.537600 , -0.283700 , 0.032000 , 6.723900 , 73.919000 , 9.526000 , 10.294000 , -0.000000 , 998.977600 , 0.213000 , 0.010500 , 8.761000
214.687500 , 9.290500 , 15.907400 , 7.178366 , 1.226000 , 73.602500 , -0.286650 , 0.027500 , 6.698450 , 68.915000 , 9.548000 , 10.498500 , -0.030000 , 999.010650 , 0.203000 , 0.010400 , 8.774500
215.750000 , 9.482000 , 15.769200 , 7.244817 , 1.231800 , 73.496100 , -0.286600 , 0.032000 , 6.774500 , 64.553000 , 9.569000 , 10.694000 , -0.010000 , 999.033700 , 0.179000 , 0.010400 , 8.871000
216.812500 , 9.680000 , 15.649150 , 7.138262 , 1.228500 , 73.556500 , -0.285100 , 0.029000 , 6.763050 , 60.778000 , 9.595500 , 10.896000 , 0.020000 , 999.053700 , 0.190000 , 0.010300 , 8.780500
217.750000 , 9.864000 , 15.597300 , 6.982049 , 1.210900 , 73.880400 , -0.285300 , 0.029000 , 6.863400 , 56.479000 , 9.611000 , 11.083000 , 0.020000 , 999.062700 , 0.209000 , 0.010200 , 8.602000
218.812500 , 10.087500 , 15.480600 , 7.050627 , 1.201750 , 74.049900 , -0.284600 , 0.030500 , 6.950700 , 51.699000 , 9.630000 , 11.311500 , -0.060000 , 999.082100 , 0.171000 , 0.010200 , 8.708000
220.125000 , 10.260000 , 15.349100 , 6.991241 , 1.199700 , 74.086700 , -0.287400 , 0.027000 , 7.021700 , 47.326000 , 9.638000 , 11.487000 , 0.060000 , 999.103400 , 0.148000 , 0.010100 , 8.656000
221.187500 , 10.469000 , 15.258150 , 6.898200 , 1.205450 , 73.980700 , -0.287100 , 0.028000 , 7.075550 , 43.628500 , 9.643500 , 11.700500 , 0.065000 , 999.118350 , 0.237500 , 0.010100 , 8.565000
221.937500 , 10.662000 , 15.158950 , 6.915267 , 1.202050 , 74.044300 , -0.286500 , 0.027000 , 7.081900 , 41.747500 , 9.649000 , 11.897500 , 0.000000 , 999.134450 , 0.252500 , 0.010000 , 8.604500
222.687500 , 10.850500 , 15.097700 , 6.925773 , 1.201250 , 74.058650 , -0.288100 , 0.029000 , 7.207100 , 39.473000 , 9.650000 , 12.089500 , 0.005000 , 999.144650 , 0.255500 , 0.010000 , 8.636000
223.437500 , 11.045000 , 15.021200 , 6.824987 , 1.188100 , 74.303000 , -0.288950 , 0.031000 , 7.157000 , 37.705000 , 9.649000 , 12.287500 , -0.025000 , 999.157100 , 0.248000 , 0.009900 , 8.523000
224.312500 , 11.247000 , 14.887450 , 6.766917 , 1.195500 , 74.164850 , -0.285600 , 0.027000 , 7.087700 , 35.463500 , 9.649000 , 12.493500 , -0.030000 , 999.178150 , 0.220000 , 0.009900 , 8.479500
225.250000 , 11.446000 , 14.808800 , 6.823105 , 1.192000 , 74.229500 , -0.287800 , 0.026000 , 7.115000 , 33.468000 , 9.642000 , 12.697000 , 0.000000 , 999.190800 , 0.213000 , 0.009900 , 8.566000
226.187500 , 11.650000 , 14.724050 , 6.734146 , 1.191650 , 74.237500 , -0.284350 , 0.029000 , 7.171150 , 31.527500 , 9.639000 , 12.904500 , -0.030000 , 999.204250 , 0.194000 , 0.009800 , 8.475500
227.187500 , 11.818000 , 14.642400 , 6.618745 , 1.189800 , 74.270500 , -0.285550 , 0.030500 , 7.198300 , 29.335500 , 9.630000 , 13.076000 , 0.030000 , 999.217050 , 0.192500 , 0.009700 , 8.342000
228.187500 , 12.036500 , 14.587250 , 6.629388 , 1.187050 , 74.321700 , -0.284850 , 0.029000 , 7.226350 , 27.491000 , 9.621000 , 13.299000 , -0.010000 , 999.226150 , 0.208000 , 0.009700 , 8.372500
229.187500 , 12.234000 , 14.515200 , 6.536447 , 1.201650 , 74.051550 , -0.288150 , 0.027000 , 7.415400 , 25.572000 , 9.606000 , 13.500000 , -0.010000 , 999.237500 , 0.196500 , 0.009600 , 8.272000
230.187500 , 12.427500 , 14.447350 , 6.567580 , 1.200100 , 74.080450 , -0.285300 , 0.029000 , 7.406450 , 23.837500 , 9.582500 , 13.697500 , 0.010000 , 999.248250 , 0.200000 , 0.009600 , 8.324000
231.125000 , 12.628000 , 14.356200 , 6.597048 , 1.197500 , 74.127100 , -0.283600 , 0.033000 , 7.407300 , 22.533000 , 9.561000 , 13.902000 , 0.010000 , 999.262300 , 0.212000 , 0.009600 , 8.373000
232.000000 , 12.809000 , 14.243200 , 6.438364 , 1.177900 , 74.492000 , -0.286200 , 0.027000 , 7.353500 , 21.074000 , 9.540000 , 14.087000 , 0.000000 , 999.279200 , 0.216000 , 0.009500 , 8.200000
233.000000 , 13.032000 , 14.151100 , 6.498094 , 1.176300 , 74.522000 , -0.287000 , 0.029000 , 7.465300 , 20.105000 , 9.514000 , 14.314000 , -0.040000 , 999.293300 , 0.186000 , 0.009500 , 8.289000
234.125000 , 13.205000 , 14.097900 , 6.346680 , 1.170200 , 74.635900 , -0.284800 , 0.031000 , 7.492400 , 18.694000 , 9.487000 , 14.490000 , 0.040000 , 999.301500 , 0.175000 , 0.009400 , 8.114000
235.125000 , 13.405000 , 14.014000 , 6.365295 , 1.173600 , 74.573500 , -0.288600 , 0.029000 , 7.871500 , 17.401000 , 9.459000 , 14.694000 , 0.030000 , 999.314200 , 0.220000 , 0.009400 , 8.157000
236.000000 , 13.609000 , 13.922900 , 6.290585 , 1.153500 , 74.949600 , -0.287500 , 0.029000 , 7.865900 , 16.545000 , 9.441000 , 14.902000 , -0.020000 , 999.327700 , 0.218000 , 0.009300 , 8.080000
236.937500 , 13.797500 , 13.862750 , 6.367420 , 1.128700 , 75.414050 , -0.284500 , 0.027500 , 7.573850 , 15.617000 , 9.417000 , 15.094500 , -0.025000 , 999.336900 , 0.192500 , 0.009300 , 8.189500
237.937500 , 13.982000 , 13.835600 , 6.344961 , 1.100600 , 75.945300 , -0.286150 , 0.027500 , 7.700050 , 14.674500 , 9.383000 , 15.282500 , 0.030000 , 999.341450 , 0.205000 , 0.009300 , 8.167000
238.875000 , 14.201000 , 13.790700 , 6.235323 , 1.090900 , 76.130700 , -0.286800 , 0.029000 , 7.784000 , 13.785000 , 9.359000 , 15.506000 , 0.000000 , 999.348600 , 0.226000 , 0.009200 , 8.033000
239.750000 , 14.388000 , 13.747900 , 6.158746 , 1.087700 , 76.191500 , -0.286100 , 0.028000 , 7.934500 , 13.028000 , 9.336000 , 15.697000 , 0.000000 , 999.355300 , 0.227000 , 0.009200 , 7.949000
240.625000 , 14.597000 , 13.673400 , 6.140449 , 1.093100 , 76.089000 , -0.285100 , 0.031000 , 7.995000 , 12.237000 , 9.312000 , 15.910000 , -0.030000 , 999.366400 , 0.221000 , 0.009100 , 7.943000
241.562500 , 14.784500 , 13.581600 , 6.154063 , 1.094700 , 76.058700 , -0.286000 , 0.028000 , 7.912550 , 11.538500 , 9.285500 , 16.101000 , -0.005000 , 999.379600 , 0.198000 , 0.009100 , 7.977000
242.562500 , 14.986000 , 13.488650 , 6.116755 , 1.082700 , 76.286600 , -0.284450 , 0.027500 , 7.909650 , 10.849500 , 9.256500 , 16.306500 , 0.000000 , 999.392900 , 0.198000 , 0.009100 , 7.940500
243.562500 , 15.180000 , 13.403050 , 6.102282 , 1.077650 , 76.383050 , -0.284950 , 0.029000 , 8.081800 , 10.179500 , 9.227000 , 16.504500 , -0.005000 , 999.405150 , 0.197500 , 0.009000 , 7.945500
244.562500 , 15.373500 , 13.278850 , 6.105875 , 1.057350 , 76.770800 , -0.284450 , 0.026500 , 7.916300 , 9.603950 , 9.199500 , 16.701500 , -0.015000 , 999.422300 , 0.185000 , 0.008950 , 7.977500
245.562500 , 15.555500 , 13.196100 , 6.098009 , 1.043300 , 77.041400 , -0.287200 , 0.028000 , 7.904150 , 9.035350 , 9.172500 , 16.887000 , 0.040000 , 999.433900 , 0.207500 , 0.008900 , 7.978000
246.437500 , 15.757000 , 13.148050 , 5.994017 , 1.027900 , 77.340150 , -0.286900 , 0.028500 , 7.951200 , 8.458650 , 9.146500 , 17.092500 , 0.030000 , 999.441000 , 0.242000 , 0.008900 , 7.854000
247.250000 , 15.964000 , 13.092200 , 6.034182 , 1.025300 , 77.387900 , -0.284500 , 0.030000 , 7.904500 , 8.013800 , 9.123000 , 17.304000 , -0.020000 , 999.449200 , 0.242000 , 0.008900 , 7.917000
