analysis/ctd/CherryLake_Rimfire_down.txt
* Sea-Bird SBE25 Data File:
* FileName = C:\Documents and Settings\Field User\Desktop\CherryLake_Rimfire.hex
* Software Version 1.59
* Temperature SN = 2360
* Conductivity SN = 2021
* System UpLoad Time = Apr 03 2014 16:34:22
** Cherry Lake Rim Fire Project spring sampling event
* ds
# nquan = 18                                
# nvalues = 5740                        
# units = specified
# name 0 = timeS: Time, Elapsed [seconds]
# name 1 = prSM: Pressure, Strain Gauge [db]
# name 2 = t090C: Temperature [ITS-90, deg C]
# name 3 = c0uS/cm: Conductivity [uS/cm]
# name 4 = bat: Beam Attenuation, Chelsea/Seatech [1/m]
# name 5 = xmiss: Beam Transmission, Chelsea/Seatech [%]
# name 6 = wetStar: Fluorescence, WET Labs WETstar [mg/m^3]
# name 7 = seaTurbMtr: Turbidity, Seapoint [FTU]
# name 8 = sbeox0Mg/L: Oxygen, SBE 43 [mg/l]
# name 9 = par: PAR/Irradiance, Biospherical/Licor
# name 10 = ph: pH
# name 11 = depFM: Depth [fresh water, m], lat = 0
# name 12 = accM: Acceleration [m/s^2], WS = 2
# name 13 = density00: Density [density, kg/m^3]
# name 14 = dz/dtM: Descent Rate [m/s], WS = 2
# name 15 = sal00: Salinity, Practical [PSU]
# name 16 = specc: Specific Conductance [uS/cm]
# span 0 =      0.000,    717.375       
# span 1 =     -2.794,     49.603       
# span 2 =     7.9608,     9.6754       
# span 3 =   5.259330,  24.594999       
# span 4 =     0.3730,    19.9988       
# span 5 =     1.0277,    91.1097       
# span 6 =    -0.2972,    -0.2795       
# span 7 =      0.020,      0.036       
# span 8 =     4.0326,     8.2054       
# span 9 = 1.9987e-02, 2.8833e+02       
# span 10 =      6.843,      7.756      
# span 11 =     -2.849,     50.581      
# span 12 =      -0.27,       0.10      
# span 13 =   999.7236,  1000.0977      
# span 14 =     -0.368,      0.242      
# span 15 =     0.0063,     0.0184      
# span 16 = -1.493e-24,     35.594      
# span 17 = 0.0000e+00, 0.0000e+00      
# interval = seconds: 0.125
# start_time = Apr 01 2014 18:15:44 [Instrument's time stamp, header]
# bad_flag = -9.990e-29
*END*
[from data line 166]
400.625000 , 30.659000 , 8.220500 , 5.474680 , 0.635900 , 85.301700 , -0.292300 , 0.026000 , 5.701700 , 0.031616 , 7.041000 , 34.309000 , -0.040000 , 999.990100 , 0.124000 , 0.006500 , 8.239000
402.250000 , 30.829000 , 8.222900 , 5.394424 , 0.633500 , 85.352700 , -0.288400 , 0.028000 , 5.654500 , 0.030631 , 7.031000 , 34.483000 , 0.040000 , 999.990800 , 0.118000 , 0.006400 , 8.118000
403.687500 , 31.044500 , 8.228200 , 5.416171 , 0.644700 , 85.113000 , -0.288400 , 0.025500 , 5.626800 , 0.030053 , 7.032000 , 34.702500 , 0.005000 , 999.991450 , 0.157000 , 0.006500 , 8.149500
404.875000 , 31.231000 , 8.228400 , 5.436587 , 0.638400 , 85.248200 , -0.290200 , 0.026000 , 5.610300 , 0.029495 , 7.033000 , 34.893000 , 0.010000 , 999.992400 , 0.167000 , 0.006500 , 8.180000
406.062500 , 31.426000 , 8.226450 , 5.443000 , 0.635750 , 85.305700 , -0.289900 , 0.026000 , 5.621650 , 0.028934 , 7.034000 , 35.091500 , 0.000000 , 999.993450 , 0.164000 , 0.006500 , 8.190500
407.250000 , 31.631000 , 8.221600 , 5.435873 , 0.638500 , 85.246600 , -0.290800 , 0.028000 , 5.631300 , 0.028383 , 7.038000 , 35.301000 , -0.000000 , 999.994700 , 0.176000 , 0.006500 , 8.182000
408.375000 , 31.827000 , 8.219500 , 5.409335 , 0.632200 , 85.380900 , -0.291100 , 0.026000 , 5.615800 , 0.027925 , 7.042000 , 35.501000 , 0.010000 , 999.995800 , 0.179000 , 0.006500 , 8.141000
409.437500 , 32.033500 , 8.219550 , 5.465091 , 0.640750 , 85.198300 , -0.290150 , 0.026500 , 5.626300 , 0.027434 , 7.044500 , 35.711000 , -0.035000 , 999.996850 , 0.179000 , 0.006500 , 8.225500
410.812500 , 32.223500 , 8.216450 , 5.461291 , 0.636300 , 85.293200 , -0.290000 , 0.026500 , 5.600300 , 0.026888 , 7.040500 , 35.904500 , -0.010000 , 999.997950 , 0.122000 , 0.006500 , 8.220500
412.250000 , 32.405000 , 8.214800 , 5.420431 , 0.631900 , 85.385700 , -0.290700 , 0.026000 , 5.584200 , 0.026412 , 7.040000 , 36.090000 , 0.050000 , 999.998900 , 0.169000 , 0.006500 , 8.160000
413.312500 , 32.608500 , 8.202600 , 5.440611 , 0.639400 , 85.227450 , -0.290100 , 0.028000 , 5.571250 , 0.025919 , 7.039500 , 36.297500 , 0.010000 , 1000.000700 , 0.191500 , 0.006500 , 8.193000
414.312500 , 32.806500 , 8.197900 , 5.437755 , 0.647850 , 85.046900 , -0.291200 , 0.025000 , 5.557500 , 0.025561 , 7.038500 , 36.499500 , 0.010000 , 1000.001950 , 0.203000 , 0.006500 , 8.189000
415.250000 , 32.996000 , 8.197400 , 5.461606 , 0.639100 , 85.233200 , -0.294800 , 0.024000 , 5.531700 , 0.025171 , 7.040000 , 36.693000 , 0.010000 , 1000.002900 , 0.213000 , 0.006500 , 8.225000
416.187500 , 33.207500 , 8.197000 , 5.425316 , 0.638550 , 85.244400 , -0.291300 , 0.032500 , 5.571950 , 0.024968 , 7.041500 , 36.908000 , -0.010000 , 1000.003900 , 0.213000 , 0.006450 , 8.171000
417.125000 , 33.394000 , 8.196500 , 5.470029 , 0.645600 , 85.095400 , -0.288600 , 0.027000 , 5.562700 , 0.024796 , 7.044000 , 37.098000 , 0.000000 , 1000.004900 , 0.207000 , 0.006500 , 8.238000
418.062500 , 33.598500 , 8.197000 , 5.459634 , 0.650050 , 85.000200 , -0.287850 , 0.026000 , 5.539150 , 0.024501 , 7.045500 , 37.307000 , -0.035000 , 1000.005800 , 0.195500 , 0.006500 , 8.222500
419.250000 , 33.791000 , 8.196600 , 5.448437 , 0.645500 , 85.095500 , -0.290200 , 0.028000 , 5.547300 , 0.023990 , 7.050000 , 37.503000 , -0.010000 , 1000.006800 , 0.154000 , 0.006500 , 8.206000
420.562500 , 34.000000 , 8.198300 , 5.453283 , 0.642750 , 85.154500 , -0.293800 , 0.026000 , 5.537350 , 0.023645 , 7.045500 , 37.716500 , -0.015000 , 1000.007650 , 0.151000 , 0.006500 , 8.213000
421.937500 , 34.179500 , 8.194550 , 5.470811 , 0.643750 , 85.133600 , -0.287250 , 0.027500 , 5.517850 , 0.023158 , 7.037000 , 37.899500 , -0.010000 , 1000.008750 , 0.130500 , 0.006500 , 8.240000
423.500000 , 34.368000 , 8.192500 , 5.502621 , 0.642000 , 85.171500 , -0.289900 , 0.029000 , 5.473300 , 0.022791 , 7.032000 , 38.092000 , 0.010000 , 1000.009900 , 0.120000 , 0.006500 , 8.288000
425.000000 , 34.576000 , 8.190300 , 5.464219 , 0.652200 , 84.953400 , -0.287100 , 0.028000 , 5.417900 , 0.022290 , 7.032000 , 38.304000 , 0.010000 , 1000.010900 , 0.146000 , 0.006500 , 8.231000
426.625000 , 34.795000 , 8.186100 , 5.470774 , 0.654000 , 84.916300 , -0.292000 , 0.028000 , 5.328300 , 0.022128 , 7.027000 , 38.527000 , -0.040000 , 1000.012300 , 0.099000 , 0.006500 , 8.242000
429.375000 , 34.937000 , 8.185900 , 5.481786 , 0.648500 , 85.033700 , -0.290600 , 0.027000 , 5.242000 , 0.021672 , 7.005000 , 38.672000 , 0.020000 , 1000.012800 , 0.057000 , 0.006500 , 8.258000
432.000000 , 35.169000 , 8.183700 , 5.489708 , 0.655800 , 84.878300 , -0.287400 , 0.028000 , 5.253100 , 0.021272 , 7.009000 , 38.908000 , -0.010000 , 1000.014200 , 0.111000 , 0.006500 , 8.271000
433.937500 , 35.353500 , 8.182200 , 5.461246 , 0.656100 , 84.872600 , -0.289300 , 0.027000 , 5.263700 , 0.021076 , 7.017000 , 39.096500 , 0.015000 , 1000.015250 , 0.092500 , 0.006500 , 8.229000
435.687500 , 35.559500 , 8.182200 , 5.532331 , 0.659800 , 84.793450 , -0.291800 , 0.026000 , 5.305600 , 0.020848 , 7.022500 , 39.306500 , 0.000000 , 1000.016250 , 0.141000 , 0.006500 , 8.336000
437.000000 , 35.738000 , 8.165400 , 5.431118 , 0.650400 , 84.992400 , -0.290900 , 0.025000 , 5.331700 , 0.020588 , 7.025000 , 39.489000 , 0.020000 , 1000.018100 , 0.148000 , 0.006400 , 8.187000
438.250000 , 35.946000 , 8.151900 , 5.467321 , 0.647500 , 85.054300 , -0.293000 , 0.026000 , 5.344600 , 0.020480 , 7.037000 , 39.701000 , 0.020000 , 1000.020000 , 0.173000 , 0.006500 , 8.245000
439.250000 , 36.130000 , 8.149100 , 5.511873 , 0.651400 , 84.971100 , -0.287300 , 0.026000 , 5.363200 , 0.020373 , 7.035000 , 39.888000 , -0.010000 , 1000.021100 , 0.192000 , 0.006500 , 8.313000
440.437500 , 36.336500 , 8.150400 , 5.478830 , 0.656600 , 84.861200 , -0.290400 , 0.026000 , 5.398350 , 0.020285 , 7.037500 , 40.099000 , -0.040000 , 1000.021900 , 0.137500 , 0.006500 , 8.263500
441.937500 , 36.528000 , 8.145150 , 5.442209 , 0.651100 , 84.977800 , -0.290000 , 0.029000 , 5.456700 , 0.020154 , 7.031500 , 40.294000 , 0.010000 , 1000.023300 , 0.136000 , 0.006400 , 8.209000
443.312500 , 36.729000 , 8.114350 , 5.431577 , 0.661550 , 84.757200 , -0.288250 , 0.029000 , 5.479900 , 0.020102 , 7.027500 , 40.499000 , -0.005000 , 1000.026000 , 0.150000 , 0.006400 , 8.200500
444.625000 , 36.914000 , 8.087600 , 5.431573 , 0.684200 , 84.277400 , -0.290900 , 0.028000 , 5.494000 , 0.020059 , 7.029000 , 40.688000 , 0.010000 , 1000.028600 , 0.144000 , 0.006400 , 8.207000
445.875000 , 37.117000 , 8.076700 , 5.466470 , 0.716900 , 83.591800 , -0.286300 , 0.025000 , 5.484700 , 0.020039 , 7.028000 , 40.895000 , 0.010000 , 1000.030400 , 0.166000 , 0.006400 , 8.263000
447.000000 , 37.301000 , 8.074500 , 5.515368 , 0.705500 , 83.831600 , -0.287200 , 0.027000 , 5.482400 , 0.020037 , 7.027000 , 41.082000 , -0.000000 , 1000.031400 , 0.171000 , 0.006400 , 8.337000
448.187500 , 37.504000 , 8.072350 , 5.462773 , 0.711900 , 83.695750 , -0.290450 , 0.028000 , 5.502500 , 0.020023 , 7.028500 , 41.289500 , -0.010000 , 1000.032550 , 0.162500 , 0.006400 , 8.258500
449.437500 , 37.711000 , 8.067000 , 5.482706 , 0.716950 , 83.590450 , -0.288950 , 0.024500 , 5.511650 , 0.020007 , 7.024000 , 41.500500 , 0.010000 , 1000.033850 , 0.173000 , 0.006400 , 8.290500
450.625000 , 37.917000 , 8.064100 , 5.428806 , 0.710300 , 83.730100 , -0.292700 , 0.026000 , 5.532900 , 0.020000 , 7.025000 , 41.711000 , 0.010000 , 1000.035000 , 0.176000 , 0.006400 , 8.209000
451.687500 , 38.109000 , 8.060850 , 5.417464 , 0.707500 , 83.787950 , -0.289950 , 0.024000 , 5.575450 , 0.019987 , 7.027000 , 41.906500 , -0.005000 , 1000.036150 , 0.178500 , 0.006400 , 8.192500
452.812500 , 38.297500 , 8.059700 , 5.503629 , 0.711300 , 83.708750 , -0.289150 , 0.027000 , 5.593150 , 0.019987 , 7.030000 , 42.098500 , 0.020000 , 1000.037150 , 0.174000 , 0.006400 , 8.323500
453.875000 , 38.500000 , 8.059300 , 5.416488 , 0.712200 , 83.689900 , -0.288700 , 0.026000 , 5.616600 , 0.019987 , 7.037000 , 42.305000 , 0.040000 , 1000.038100 , 0.213000 , 0.006400 , 8.192000
454.750000 , 38.698000 , 8.059200 , 5.443665 , 0.709200 , 83.752200 , -0.285400 , 0.030000 , 5.627500 , 0.019987 , 7.032000 , 42.507000 , -0.000000 , 1000.039100 , 0.227000 , 0.006400 , 8.233000
455.625000 , 38.895000 , 8.058600 , 5.451986 , 0.701300 , 83.918800 , -0.293200 , 0.027000 , 5.664700 , 0.019987 , 7.039000 , 42.708000 , 0.000000 , 1000.040100 , 0.226000 , 0.006400 , 8.245000
456.437500 , 39.079500 , 8.057500 , 5.491827 , 0.705900 , 83.821650 , -0.291550 , 0.025500 , 5.675850 , 0.019987 , 7.041000 , 42.896000 , 0.015000 , 1000.041000 , 0.238000 , 0.006400 , 8.306500
457.250000 , 39.284000 , 8.051400 , 5.469289 , 0.712700 , 83.680200 , -0.288900 , 0.026000 , 5.701300 , 0.019987 , 7.042000 , 43.105000 , -0.010000 , 1000.042500 , 0.235000 , 0.006400 , 8.274000
458.125000 , 39.476000 , 8.049800 , 5.406404 , 0.716300 , 83.604100 , -0.288400 , 0.028000 , 5.698100 , 0.019987 , 7.040000 , 43.300000 , 0.000000 , 1000.043400 , 0.229000 , 0.006400 , 8.179000
459.000000 , 39.684000 , 8.050600 , 5.460480 , 0.719200 , 83.543900 , -0.289400 , 0.026000 , 5.685700 , 0.019987 , 7.042000 , 43.512000 , -0.010000 , 1000.044400 , 0.226000 , 0.006400 , 8.260000
459.875000 , 39.869000 , 8.051000 , 5.480914 , 0.724100 , 83.442800 , -0.289200 , 0.024000 , 5.689600 , 0.019987 , 7.047000 , 43.701000 , 0.000000 , 1000.045200 , 0.222000 , 0.006400 , 8.291000
460.750000 , 40.074000 , 8.045600 , 5.410787 , 0.725900 , 83.404600 , -0.291000 , 0.028000 , 5.658400 , 0.019987 , 7.047000 , 43.910000 , 0.000000 , 1000.046500 , 0.222000 , 0.006400 , 8.186000
461.625000 , 40.256000 , 8.044400 , 5.410926 , 0.727900 , 83.362200 , -0.288000 , 0.027000 , 5.631000 , 0.019987 , 7.046000 , 44.096000 , -0.020000 , 1000.047400 , 0.207000 , 0.006400 , 8.187000
462.625000 , 40.454000 , 8.035600 , 5.458151 , 0.726200 , 83.398800 , -0.286400 , 0.026000 , 5.623100 , 0.019987 , 7.047000 , 44.298000 , -0.010000 , 1000.049000 , 0.184000 , 0.006400 , 8.260000
463.687500 , 40.650000 , 8.029350 , 5.434385 , 0.733900 , 83.237050 , -0.290800 , 0.026000 , 5.577350 , 0.019987 , 7.037500 , 44.497500 , 0.025000 , 1000.050350 , 0.204500 , 0.006400 , 8.226500
464.687500 , 40.861500 , 8.026500 , 5.463114 , 0.732600 , 83.263500 , -0.289450 , 0.026000 , 5.565650 , 0.019987 , 7.035000 , 44.713000 , -0.020000 , 1000.051600 , 0.196500 , 0.006400 , 8.270000
465.687500 , 41.042000 , 8.020250 , 5.436945 , 0.737750 , 83.156550 , -0.289550 , 0.026000 , 5.571100 , 0.019987 , 7.035000 , 44.897000 , 0.010000 , 1000.052800 , 0.186500 , 0.006400 , 8.232500
466.687500 , 41.236500 , 8.012650 , 5.458966 , 0.742550 , 83.056800 , -0.289600 , 0.028500 , 5.566650 , 0.019987 , 7.033500 , 45.095500 , 0.010000 , 1000.054200 , 0.198000 , 0.006400 , 8.267500
467.687500 , 41.440500 , 8.010300 , 5.426087 , 0.751850 , 82.863600 , -0.288700 , 0.025500 , 5.590850 , 0.019987 , 7.038500 , 45.303500 , 0.010000 , 1000.055300 , 0.212500 , 0.006400 , 8.218000
468.625000 , 41.647000 , 8.009500 , 5.446480 , 0.754300 , 82.815100 , -0.288200 , 0.027000 , 5.575000 , 0.019987 , 7.038000 , 45.514000 , -0.010000 , 1000.056400 , 0.209000 , 0.006400 , 8.249000
469.500000 , 41.820000 , 8.008100 , 5.438378 , 0.746700 , 82.972500 , -0.289200 , 0.029000 , 5.548200 , 0.019987 , 7.035000 , 45.691000 , 0.020000 , 1000.057300 , 0.217000 , 0.006400 , 8.237000
470.375000 , 42.023000 , 8.006900 , 5.488736 , 0.748100 , 82.942000 , -0.287900 , 0.030000 , 5.533100 , 0.019987 , 7.036000 , 45.898000 , 0.010000 , 1000.058400 , 0.230000 , 0.006400 , 8.314000
471.187500 , 42.209500 , 8.007700 , 5.454152 , 0.753500 , 82.830200 , -0.289450 , 0.027000 , 5.544550 , 0.019987 , 7.035000 , 46.088000 , 0.010000 , 1000.059200 , 0.240500 , 0.006400 , 8.261500
472.000000 , 42.414000 , 8.005300 , 5.468658 , 0.746800 , 82.968800 , -0.290900 , 0.028000 , 5.548900 , 0.019987 , 7.038000 , 46.296000 , -0.020000 , 1000.060400 , 0.235000 , 0.006400 , 8.284000
472.875000 , 42.607000 , 8.002400 , 5.492128 , 0.757000 , 82.758000 , -0.287600 , 0.031000 , 5.557900 , 0.019987 , 7.039000 , 46.493000 , -0.010000 , 1000.061500 , 0.225000 , 0.006400 , 8.320000
473.750000 , 42.805000 , 7.999600 , 5.467752 , 0.752000 , 82.862700 , -0.291200 , 0.029000 , 5.554800 , 0.019987 , 7.041000 , 46.695000 , 0.000000 , 1000.062600 , 0.223000 , 0.006400 , 8.284000
474.625000 , 43.001000 , 7.994700 , 5.475240 , 0.759100 , 82.713300 , -0.291800 , 0.029000 , 5.528700 , 0.019987 , 7.043000 , 46.895000 , -0.000000 , 1000.063900 , 0.228000 , 0.006400 , 8.297000
475.500000 , 43.202000 , 7.990000 , 5.427894 , 0.761700 , 82.661800 , -0.293300 , 0.027000 , 5.507000 , 0.019987 , 7.044000 , 47.100000 , -0.020000 , 1000.065100 , 0.220000 , 0.006400 , 8.226000
476.437500 , 43.399500 , 7.982950 , 5.374674 , 0.759650 , 82.703350 , -0.289250 , 0.028500 , 5.502150 , 0.019987 , 7.041500 , 47.301000 , -0.015000 , 1000.066450 , 0.198500 , 0.006300 , 8.147500
477.437500 , 43.590500 , 7.980900 , 5.421715 , 0.767250 , 82.546450 , -0.288550 , 0.028500 , 5.468350 , 0.019987 , 7.035000 , 47.496000 , 0.025000 , 1000.067550 , 0.206500 , 0.006350 , 8.219000
478.312500 , 43.783500 , 7.979650 , 5.480512 , 0.774700 , 82.393200 , -0.286500 , 0.029500 , 5.461750 , 0.019987 , 7.030000 , 47.693000 , 0.005000 , 1000.068550 , 0.227000 , 0.006400 , 8.308500
479.187500 , 43.986000 , 7.978650 , 5.463679 , 0.766100 , 82.569850 , -0.290550 , 0.029000 , 5.467100 , 0.019987 , 7.035000 , 47.899000 , -0.020000 , 1000.069600 , 0.221500 , 0.006400 , 8.283000
480.187500 , 44.196000 , 7.978800 , 5.418717 , 0.773150 , 82.425450 , -0.288850 , 0.027500 , 5.449400 , 0.019987 , 7.035500 , 48.113500 , -0.030000 , 1000.070550 , 0.189000 , 0.006300 , 8.215000
481.250000 , 44.374000 , 7.979000 , 5.441008 , 0.776200 , 82.361700 , -0.289100 , 0.030000 , 5.430800 , 0.019987 , 7.035000 , 48.295000 , 0.010000 , 1000.071400 , 0.172000 , 0.006400 , 8.249000
482.312500 , 44.568000 , 7.977850 , 5.505683 , 0.782800 , 82.226400 , -0.288250 , 0.026000 , 5.402550 , 0.019987 , 7.031000 , 48.492500 , 0.030000 , 1000.072450 , 0.202000 , 0.006400 , 8.347000
483.250000 , 44.769000 , 7.976700 , 5.439648 , 0.774300 , 82.398900 , -0.288700 , 0.027000 , 5.399100 , 0.019987 , 7.028000 , 48.698000 , -0.010000 , 1000.073500 , 0.210000 , 0.006400 , 8.247000
484.250000 , 44.971000 , 7.975800 , 5.397454 , 0.770000 , 82.490100 , -0.290800 , 0.026000 , 5.382900 , 0.019987 , 7.027000 , 48.904000 , -0.010000 , 1000.074400 , 0.192000 , 0.006300 , 8.183000
485.250000 , 45.159000 , 7.973100 , 5.466953 , 0.778400 , 82.315400 , -0.292600 , 0.025000 , 5.366500 , 0.019987 , 7.024000 , 49.095000 , 0.030000 , 1000.075600 , 0.209000 , 0.006400 , 8.289000
486.187500 , 45.368500 , 7.971950 , 5.457411 , 0.782750 , 82.227700 , -0.288150 , 0.028000 , 5.351200 , 0.019987 , 7.024000 , 49.309000 , -0.015000 , 1000.076650 , 0.204500 , 0.006400 , 8.275000
487.125000 , 45.544000 , 7.972500 , 5.449200 , 0.789200 , 82.096400 , -0.291500 , 0.028000 , 5.335900 , 0.019987 , 7.026000 , 49.488000 , 0.010000 , 1000.077400 , 0.203000 , 0.006400 , 8.263000
488.062500 , 45.747500 , 7.963450 , 5.524174 , 0.775900 , 82.367450 , -0.289300 , 0.029000 , 5.346400 , 0.019987 , 7.030000 , 49.695500 , -0.015000 , 1000.079000 , 0.203500 , 0.006400 , 8.378500
489.062500 , 45.936000 , 7.963400 , 5.399279 , 0.781850 , 82.244800 , -0.287900 , 0.028500 , 5.349800 , 0.019987 , 7.027000 , 49.887500 , 0.010000 , 1000.079850 , 0.197000 , 0.006300 , 8.189000
490.062500 , 46.146000 , 7.965100 , 5.405409 , 0.781700 , 82.249600 , -0.288350 , 0.024500 , 5.346450 , 0.019987 , 7.028000 , 50.102000 , 0.005000 , 1000.080800 , 0.206500 , 0.006300 , 8.197500
491.062500 , 46.347500 , 7.969900 , 5.483128 , 0.784200 , 82.196150 , -0.287000 , 0.028000 , 5.327400 , 0.019987 , 7.028500 , 50.307500 , -0.020000 , 1000.081550 , 0.187500 , 0.006400 , 8.314500
