analysis/ctd/CherryLake_Rimfire_down.txt
* Sea-Bird SBE25 Data File:
* FileName = C:\Documents and Settings\Field User\Desktop\CherryLake_Rimfire.hex
* Software Version 1.59
* Temperature SN = 2360
* Conductivity SN = 2021
* System UpLoad Time = Apr 03 2014 16:34:22
** Cherry Lake Rim Fire Project spring sampling event
* ds
# nquan = 18                                
# nvalues = 5740                        
# units = specified
# name 0 = timeS: Time, Elapsed [seconds]
# name 1 = prSM: Pressure, Strain Gauge [db]
# name 2 = t090C: Temperature [ITS-90, deg C]
# name 3 = c0uS/cm: Conductivity [uS/cm]
# name 4 = bat: Beam Attenuation, Chelsea/Seatech [1/m]
# name 5 = xmiss: Beam Transmission, Chelsea/Seatech [%]
# name 6 = wetStar: Fluorescence, WET Labs WETstar [mg/m^3]
# name 7 = seaTurbMtr: Turbidity, Seapoint [FTU]
# name 8 = sbeox0Mg/L: Oxygen, SBE 43 [mg/l]
# name 9 = par: PAR/Irradiance, Biospherical/Licor
# name 10 = ph: pH
# name 11 = depFM: Depth [fresh water, m], lat = 0
# name 12 = accM: Acceleration [m/s^2], WS = 2
# name 13 = density00: Density [density, kg/m^3]
# name 14 = dz/dtM: Descent Rate [m/s], WS = 2
# name 15 = sal00: Salinity, Practical [PSU]
# name 16 = specc: Specific Conductance [uS/cm]
# span 0 =      0.000,    717.375       
# span 1 =     -2.794,     49.603       
# span 2 =     7.9608,     9.6754       
# span 3 =   5.259330,  24.594999       
# span 4 =     0.3730,    19.9988       
# span 5 =     1.0277,    91.1097       
# span 6 =    -0.2972,    -0.2795       
# span 7 =      0.020,      0.036       
# span 8 =     4.0326,     8.2054       
# span 9 = 1.9987e-02, 2.8833e+02       
# span 10 =      6.843,      7.756      
# span 11 =     -2.849,     50.581      
# span 12 =      -0.27,       0.10      
# span 13 =   999.7236,  1000.0977      
# span 14 =     -0.368,      0.242      
# span 15 =     0.0063,     0.0184      
# span 16 = -1.493e-24,     35.594      
# span 17 = 0.0000e+00, 0.0000e+00      
# interval = seconds: 0.125
# start_time = Apr 01 2014 18:15:44 [Instrument's time stamp, header]
# bad_flag = -9.990e-29
*END*
[from data line 248]
493.125000 , 46.731000 , 7.965400 , 5.484479 , 0.793000 , 82.017300 , -0.289100 , 0.023000 , 5.314100 , 0.019987 , 7.027000 , 50.698000 , 0.020000 , 1000.083600 , 0.212000 , 0.006400 , 8.318000
494.000000 , 46.928000 , 7.966800 , 5.452630 , 0.795300 , 81.970000 , -0.288900 , 0.030000 , 5.311300 , 0.019987 , 7.026000 , 50.899000 , -0.030000 , 1000.084400 , 0.208000 , 0.006400 , 8.270000
495.000000 , 47.108000 , 7.965500 , 5.469404 , 0.804500 , 81.781900 , -0.290500 , 0.028000 , 5.308300 , 0.019987 , 7.025000 , 51.083000 , 0.000000 , 1000.085400 , 0.185000 , 0.006400 , 8.295000
496.125000 , 47.331000 , 7.963800 , 5.462329 , 0.794700 , 81.981700 , -0.288400 , 0.027000 , 5.313700 , 0.019987 , 7.026000 , 51.310000 , 0.000000 , 1000.086600 , 0.193000 , 0.006400 , 8.285000
497.125000 , 47.523000 , 7.964100 , 5.463538 , 0.806300 , 81.744400 , -0.292400 , 0.027000 , 5.323600 , 0.019987 , 7.027000 , 51.506000 , 0.020000 , 1000.087600 , 0.202000 , 0.006400 , 8.287000
498.062500 , 47.712500 , 7.964200 , 5.422439 , 0.788450 , 82.109800 , -0.290900 , 0.024000 , 5.322750 , 0.019987 , 7.030000 , 51.699000 , 0.005000 , 1000.088400 , 0.210000 , 0.006300 , 8.224500
499.000000 , 47.917000 , 7.964300 , 5.429315 , 0.786100 , 82.157800 , -0.288500 , 0.025000 , 5.310900 , 0.019987 , 7.033000 , 51.908000 , -0.010000 , 1000.089400 , 0.204000 , 0.006300 , 8.235000
499.937500 , 48.095000 , 7.964800 , 5.488954 , 0.791950 , 82.038500 , -0.291000 , 0.027500 , 5.314000 , 0.019987 , 7.032500 , 52.089500 , 0.010000 , 1000.090250 , 0.208500 , 0.006400 , 8.325000
500.875000 , 48.307000 , 7.963800 , 5.530492 , 0.800500 , 81.863700 , -0.289800 , 0.026000 , 5.297500 , 0.019987 , 7.030000 , 52.305000 , -0.010000 , 1000.091400 , 0.211000 , 0.006400 , 8.388000
501.812500 , 48.490500 , 7.963350 , 5.437339 , 0.794900 , 81.978200 , -0.293100 , 0.028500 , 5.293000 , 0.019987 , 7.026500 , 52.492500 , 0.000000 , 1000.092250 , 0.205500 , 0.006350 , 8.247000
502.812500 , 48.704500 , 7.962400 , 5.426083 , 0.792750 , 82.022100 , -0.288650 , 0.027500 , 5.285950 , 0.019987 , 7.026500 , 52.710500 , -0.025000 , 1000.093300 , 0.194500 , 0.006300 , 8.230000
503.875000 , 48.894000 , 7.961100 , 5.447057 , 0.794300 , 81.990000 , -0.290300 , 0.025000 , 5.257200 , 0.019987 , 7.027000 , 52.904000 , -0.010000 , 1000.094400 , 0.171000 , 0.006400 , 8.262000
505.000000 , 49.081000 , 7.961200 , 5.478245 , 0.805500 , 81.760900 , -0.287600 , 0.026000 , 5.265900 , 0.019987 , 7.028000 , 53.095000 , 0.010000 , 1000.095200 , 0.179000 , 0.006400 , 8.310000
506.125000 , 49.286000 , 7.961000 , 5.468071 , 0.797200 , 81.929900 , -0.289100 , 0.030000 , 5.268700 , 0.019987 , 7.026000 , 53.304000 , -0.020000 , 1000.096200 , 0.168000 , 0.006400 , 8.294000
507.312500 , 49.478500 , 7.961250 , 5.500832 , 0.793400 , 82.009100 , -0.291500 , 0.026000 , 5.227800 , 0.019987 , 7.025500 , 53.500000 , -0.040000 , 1000.097150 , 0.151500 , 0.006400 , 8.343500
