analysis/ctd/Cherry Lake Sept14_down.txt
* Sea-Bird SBE19plus Data File:
* FileName = C:\Documents and Settings\Field User\Desktop\Cherry Lake Sept14.hex
* Software Version 1.59
* Temperature SN =  4558
* Conductivity SN =  4558
* System UpLoad Time = Sep 17 2014 16:44:09
** Cherry Lake Rim Fire sampling September 2014
* ds
# nquan = 16                                
# nvalues = 1890                        
# units = specified
# name 0 = timeS: Time, Elapsed [seconds]
# name 1 = prdM: Pressure, Strain Gauge [db]
# name 2 = tv290C: Temperature [ITS-90, deg C]
# name 3 = c0uS/cm: Conductivity [uS/cm]
# name 4 = CStarAt0: Beam Attenuation, WET Labs C-Star [1/m]
# name 5 = CStarTr0: Beam Transmission, WET Labs C-Star [%]
# name 6 = chloroflTC0: Chlorophyll, Turner Cyclops [ug/l]
# name 7 = seaTurbMtr: Turbidity, Seapoint [FTU]
# name 8 = sbeox0Mg/L: Oxygen, SBE 43 [mg/l]
# name 9 = depFM: Depth [fresh water, m], lat = 0
# name 10 = accM: Acceleration [m/s^2], WS = 2
# name 11 = density00: Density [density, kg/m^3]
# name 12 = dz/dtM: Descent Rate [m/s], WS = 2
# name 13 = sal00: Salinity, Practical [PSU]
# name 14 = specc: Specific Conductance [uS/cm]
# name 15 = flag: flag
# span 0 =      0.000,    472.250       
# span 1 =     -1.555,     48.002       
# span 2 =     8.2957,    30.9220       
# span 3 =  -0.116663,  12.858416       
# span 4 =     0.3333,    42.9342       
# span 5 =     0.1280,    92.0049       
# span 6 =     0.0006,     3.3261       
# span 7 =      0.003,     57.148       
# span 8 =     4.6251,    10.5566       
# span 9 =     -1.586,     48.948       
# span 10 =      -0.14,       0.12      
# span 11 =   995.3599,  1000.0697      
# span 12 =     -0.418,      0.288      
# span 13 =     0.0000,     0.0150      
# span 14 =     -0.104,     13.208      
# span 15 = 0.0000e+00, 0.0000e+00      
# interval = seconds: 0.25
# start_time = Sep 10 2014 15:06:57 [Instrument's time stamp, header]
# bad_flag = -9.990e-29
*END*
[from data line 176]
242.750000 , 34.128000 , 9.028300 , 6.939093 , 0.462200 , 89.086500 , 1.881500 , 0.015000 , 7.665700 , 36.303000 , -0.000000 , 999.951100 , 0.245000 , 0.007700 , 10.195000 , 0.000000
243.500000 , 34.311000 , 8.998300 , 6.912833 , 0.461800 , 89.096500 , 1.873800 , 0.023000 , 7.601700 , 36.489000 , -0.000000 , 999.954200 , 0.243000 , 0.007600 , 10.166000 , 0.000000
244.375000 , 34.522500 , 8.964300 , 6.894488 , 0.460100 , 89.133800 , 1.876000 , 0.024500 , 7.510150 , 36.705000 , 0.000000 , 999.957750 , 0.242000 , 0.007600 , 10.150000 , 0.000000
245.250000 , 34.734000 , 8.931700 , 6.894118 , 0.458700 , 89.165300 , 1.887800 , 0.018000 , 7.407600 , 36.921000 , 0.000000 , 999.961200 , 0.242000 , 0.007600 , 10.157000 , 0.000000
246.000000 , 34.915000 , 8.897300 , 6.889661 , 0.457600 , 89.190300 , 1.875800 , 0.017000 , 7.314900 , 37.105000 , -0.000000 , 999.964600 , 0.241000 , 0.007600 , 10.161000 , 0.000000
246.750000 , 35.096000 , 8.866600 , 6.914394 , 0.460200 , 89.131500 , 1.860300 , 0.015000 , 7.204400 , 37.290000 , -0.000000 , 999.967700 , 0.240000 , 0.007600 , 10.208000 , 0.000000
247.625000 , 35.305500 , 8.821200 , 6.948322 , 0.466000 , 89.003200 , 1.859750 , 0.013000 , 7.066800 , 37.503500 , 0.000000 , 999.972050 , 0.242500 , 0.007600 , 10.271500 , 0.000000
248.500000 , 35.520000 , 8.780000 , 6.950070 , 0.475400 , 88.794600 , 1.859100 , 0.020000 , 6.960900 , 37.722000 , 0.000000 , 999.976100 , 0.247000 , 0.007600 , 10.285000 , 0.000000
249.250000 , 35.707000 , 8.744600 , 6.988719 , 0.483300 , 88.619400 , 1.858100 , 0.023000 , 6.914200 , 37.913000 , 0.000000 , 999.979600 , 0.248000 , 0.007600 , 10.355000 , 0.000000
250.000000 , 35.892000 , 8.718500 , 6.986024 , 0.498500 , 88.283600 , 1.861300 , 0.032000 , 6.894300 , 38.102000 , 0.000000 , 999.982300 , 0.248000 , 0.007600 , 10.359000 , 0.000000
250.750000 , 36.079000 , 8.700400 , 6.992673 , 0.517700 , 87.861000 , 1.860400 , 0.042000 , 6.876900 , 38.292000 , 0.000000 , 999.984500 , 0.250000 , 0.007600 , 10.374000 , 0.000000
251.500000 , 36.267000 , 8.687900 , 6.996711 , 0.539600 , 87.381200 , 1.869900 , 0.046000 , 6.856400 , 38.484000 , -0.000000 , 999.986300 , 0.251000 , 0.007600 , 10.384000 , 0.000000
252.250000 , 36.455000 , 8.675000 , 6.973673 , 0.561000 , 86.914300 , 1.865100 , 0.049000 , 6.832700 , 38.676000 , -0.000000 , 999.988100 , 0.248000 , 0.007500 , 10.355000 , 0.000000
253.125000 , 36.670500 , 8.653700 , 6.980747 , 0.576300 , 86.581450 , 1.865550 , 0.039000 , 6.812000 , 38.895500 , -0.010000 , 999.990650 , 0.242000 , 0.007500 , 10.371000 , 0.000000
254.000000 , 36.878000 , 8.637600 , 6.975174 , 0.587200 , 86.344700 , 1.858900 , 0.039000 , 6.806400 , 39.107000 , -0.010000 , 999.992800 , 0.234000 , 0.007500 , 10.367000 , 0.000000
254.875000 , 37.079500 , 8.627450 , 6.987476 , 0.590000 , 86.284250 , 1.857750 , 0.049500 , 6.806750 , 39.312500 , 0.000000 , 999.994450 , 0.228500 , 0.007500 , 10.389500 , 0.000000
255.750000 , 37.278000 , 8.620200 , 6.992886 , 0.591900 , 86.246000 , 1.867900 , 0.055000 , 6.803000 , 39.515000 , 0.000000 , 999.995900 , 0.226000 , 0.007500 , 10.399000 , 0.000000
256.500000 , 37.447000 , 8.615600 , 7.006084 , 0.595400 , 86.169000 , 1.867900 , 0.060000 , 6.790100 , 39.687000 , 0.010000 , 999.997100 , 0.230000 , 0.007500 , 10.420000 , 0.000000
257.375000 , 37.652500 , 8.608900 , 6.994290 , 0.601450 , 86.038900 , 1.849200 , 0.062500 , 6.746350 , 39.897000 , 0.010000 , 999.998500 , 0.235500 , 0.007500 , 10.405000 , 0.000000
258.250000 , 37.860000 , 8.600000 , 7.000569 , 0.604100 , 85.981800 , 1.837900 , 0.068000 , 6.683700 , 40.108000 , 0.010000 , 1000.000100 , 0.240000 , 0.007500 , 10.417000 , 0.000000
259.000000 , 38.043000 , 8.588800 , 7.013964 , 0.611000 , 85.834700 , 1.838500 , 0.079000 , 6.643000 , 40.295000 , 0.000000 , 1000.001800 , 0.243000 , 0.007500 , 10.440000 , 0.000000
259.750000 , 38.225000 , 8.579500 , 7.031647 , 0.612100 , 85.810300 , 1.849000 , 0.074000 , 6.617300 , 40.481000 , 0.000000 , 1000.003300 , 0.244000 , 0.007500 , 10.470000 , 0.000000
260.625000 , 38.439000 , 8.571250 , 7.030581 , 0.612050 , 85.811600 , 1.846200 , 0.079500 , 6.592050 , 40.698500 , 0.000000 , 1000.004900 , 0.244000 , 0.007500 , 10.470000 , 0.000000
261.500000 , 38.652000 , 8.565200 , 7.063388 , 0.626200 , 85.509400 , 1.852200 , 0.092000 , 6.562100 , 40.916000 , 0.000000 , 1000.006400 , 0.246000 , 0.007500 , 10.521000 , 0.000000
262.250000 , 38.838000 , 8.559000 , 7.044499 , 0.639200 , 85.231700 , 1.862700 , 0.091000 , 6.540200 , 41.106000 , 0.010000 , 1000.007700 , 0.251000 , 0.007500 , 10.495000 , 0.000000
263.000000 , 39.029000 , 8.552400 , 7.020904 , 0.647100 , 85.063300 , 1.861000 , 0.104000 , 6.525100 , 41.300000 , 0.000000 , 1000.009100 , 0.253000 , 0.007500 , 10.463000 , 0.000000
263.750000 , 39.219000 , 8.545800 , 7.034720 , 0.653600 , 84.926000 , 1.875600 , 0.117000 , 6.516000 , 41.494000 , 0.000000 , 1000.010400 , 0.253000 , 0.007500 , 10.485000 , 0.000000
264.500000 , 39.409000 , 8.537800 , 7.047297 , 0.660700 , 84.774100 , 1.873800 , 0.121000 , 6.505900 , 41.688000 , 0.000000 , 1000.011900 , 0.254000 , 0.007500 , 10.506000 , 0.000000
265.250000 , 39.601000 , 8.530200 , 7.049215 , 0.665000 , 84.684700 , 1.858800 , 0.106000 , 6.480400 , 41.884000 , 0.000000 , 1000.013400 , 0.255000 , 0.007500 , 10.511000 , 0.000000
266.000000 , 39.791000 , 8.524700 , 7.034533 , 0.662500 , 84.736200 , 1.850800 , 0.093000 , 6.447400 , 42.078000 , 0.000000 , 1000.014600 , 0.255000 , 0.007500 , 10.492000 , 0.000000
266.750000 , 39.982000 , 8.518900 , 7.043282 , 0.661700 , 84.753200 , 1.856900 , 0.090000 , 6.422400 , 42.272000 , 0.010000 , 1000.016000 , 0.260000 , 0.007500 , 10.506000 , 0.000000
267.500000 , 40.180000 , 8.510400 , 7.055771 , 0.667400 , 84.632800 , 1.864500 , 0.096000 , 6.393300 , 42.474000 , 0.010000 , 1000.017500 , 0.269000 , 0.007500 , 10.527000 , 0.000000
268.250000 , 40.387000 , 8.502600 , 7.058686 , 0.673500 , 84.503100 , 1.873500 , 0.107000 , 6.350100 , 42.685000 , 0.010000 , 1000.019000 , 0.276000 , 0.007500 , 10.534000 , 0.000000
269.000000 , 40.594000 , 8.492500 , 7.051376 , 0.681400 , 84.335900 , 1.871900 , 0.119000 , 6.303000 , 42.896000 , 0.000000 , 1000.020700 , 0.277000 , 0.007500 , 10.527000 , 0.000000
269.750000 , 40.803000 , 8.481900 , 7.053555 , 0.688800 , 84.181400 , 1.865900 , 0.119000 , 6.257400 , 43.109000 , -0.010000 , 1000.022400 , 0.272000 , 0.007500 , 10.532000 , 0.000000
270.500000 , 41.003000 , 8.477400 , 7.041087 , 0.692200 , 84.108700 , 1.871800 , 0.110000 , 6.208600 , 43.313000 , -0.000000 , 1000.023700 , 0.267000 , 0.007500 , 10.516000 , 0.000000
271.250000 , 41.202000 , 8.470800 , 7.056715 , 0.697100 , 84.006500 , 1.864900 , 0.113000 , 6.149200 , 43.516000 , 0.000000 , 1000.025100 , 0.266000 , 0.007500 , 10.541000 , 0.000000
272.000000 , 41.403000 , 8.461900 , 7.084326 , 0.706600 , 83.808300 , 1.851200 , 0.114000 , 6.072400 , 43.721000 , -0.000000 , 1000.026700 , 0.264000 , 0.007500 , 10.585000 , 0.000000
272.750000 , 41.598000 , 8.451600 , 7.092761 , 0.719300 , 83.541400 , 1.842100 , 0.117000 , 5.986300 , 43.920000 , 0.010000 , 1000.028300 , 0.265000 , 0.007500 , 10.601000 , 0.000000
273.500000 , 41.799000 , 8.435200 , 7.111812 , 0.734800 , 83.219100 , 1.844400 , 0.140000 , 5.894600 , 44.125000 , 0.000000 , 1000.030400 , 0.267000 , 0.007500 , 10.636000 , 0.000000
274.250000 , 42.000000 , 8.419800 , 7.096594 , 0.753000 , 82.841100 , 1.844200 , 0.137000 , 5.804200 , 44.330000 , -0.010000 , 1000.032400 , 0.262000 , 0.007500 , 10.617000 , 0.000000
275.000000 , 42.191000 , 8.404500 , 7.117579 , 0.771600 , 82.458100 , 1.834800 , 0.141000 , 5.708800 , 44.525000 , -0.000000 , 1000.034400 , 0.258000 , 0.007500 , 10.653000 , 0.000000
275.750000 , 42.386000 , 8.391000 , 7.134587 , 0.784300 , 82.195500 , 1.831600 , 0.146000 , 5.605000 , 44.724000 , 0.000000 , 1000.036200 , 0.260000 , 0.007500 , 10.683000 , 0.000000
276.500000 , 42.581000 , 8.382100 , 7.172582 , 0.802700 , 81.819400 , 1.837100 , 0.174000 , 5.503000 , 44.923000 , -0.000000 , 1000.037800 , 0.259000 , 0.007500 , 10.743000 , 0.000000
277.250000 , 42.775000 , 8.373100 , 7.199027 , 0.823000 , 81.405200 , 1.830300 , 0.201000 , 5.411700 , 45.120000 , -0.000000 , 1000.039300 , 0.258000 , 0.007500 , 10.785000 , 0.000000
278.000000 , 42.969000 , 8.364800 , 7.207883 , 0.852600 , 80.808600 , 1.818800 , 0.242000 , 5.347900 , 45.318000 , -0.010000 , 1000.040800 , 0.255000 , 0.007500 , 10.801000 , 0.000000
278.750000 , 43.157000 , 8.358200 , 7.227448 , 0.903400 , 79.789800 , 1.811700 , 0.280000 , 5.318700 , 45.510000 , -0.010000 , 1000.042200 , 0.249000 , 0.007600 , 10.832000 , 0.000000
279.500000 , 43.343000 , 8.352700 , 7.244426 , 0.962500 , 78.618500 , 1.811800 , 0.303000 , 5.306700 , 45.700000 , -0.010000 , 1000.043500 , 0.245000 , 0.007600 , 10.860000 , 0.000000
280.250000 , 43.524000 , 8.349700 , 7.257205 , 1.014600 , 77.602400 , 1.816200 , 0.305000 , 5.291400 , 45.884000 , -0.000000 , 1000.044500 , 0.241000 , 0.007600 , 10.880000 , 0.000000
281.125000 , 43.735000 , 8.346100 , 7.254731 , 1.059500 , 76.731900 , 1.820700 , 0.288500 , 5.261600 , 46.099500 , 0.000000 , 1000.045800 , 0.243500 , 0.007600 , 10.877500 , 0.000000
282.000000 , 43.950000 , 8.342000 , 7.244274 , 1.082800 , 76.285900 , 1.817400 , 0.297000 , 5.225800 , 46.319000 , 0.000000 , 1000.047100 , 0.246000 , 0.007600 , 10.863000 , 0.000000
282.750000 , 44.134000 , 8.338600 , 7.253108 , 1.094900 , 76.056200 , 1.810900 , 0.305000 , 5.191300 , 46.506000 , -0.000000 , 1000.048200 , 0.246000 , 0.007600 , 10.877000 , 0.000000
283.500000 , 44.320000 , 8.335500 , 7.276427 , 1.109100 , 75.785100 , 1.811300 , 0.309000 , 5.150300 , 46.696000 , -0.010000 , 1000.049300 , 0.240000 , 0.007600 , 10.913000 , 0.000000
284.375000 , 44.523500 , 8.333850 , 7.267107 , 1.124050 , 75.501950 , 1.822400 , 0.314500 , 5.099700 , 46.903000 , -0.035000 , 1000.050400 , 0.216500 , 0.007600 , 10.900000 , 0.000000
285.375000 , 44.720000 , 8.333300 , 7.270900 , 1.130800 , 75.375200 , 1.834750 , 0.338000 , 5.035900 , 47.103500 , -0.035000 , 1000.051400 , 0.179500 , 0.007600 , 10.906000 , 0.000000
286.500000 , 44.903000 , 8.331400 , 7.302683 , 1.124800 , 75.488900 , 1.826200 , 0.351000 , 4.962800 , 47.290000 , -0.010000 , 1000.052400 , 0.156000 , 0.007600 , 10.954000 , 0.000000
287.750000 , 45.098000 , 8.326300 , 7.297051 , 1.126700 , 75.452400 , 1.825700 , 0.378000 , 4.895400 , 47.489000 , 0.010000 , 1000.053700 , 0.163000 , 0.007600 , 10.947000 , 0.000000
289.000000 , 45.304000 , 8.322500 , 7.308999 , 1.156700 , 74.891200 , 1.816600 , 0.406000 , 4.833600 , 47.699000 , 0.010000 , 1000.054900 , 0.168000 , 0.007600 , 10.966000 , 0.000000
290.125000 , 45.500500 , 8.318950 , 7.366937 , 1.214400 , 73.819500 , 1.816700 , 0.458000 , 4.775950 , 47.900000 , 0.000000 , 1000.056150 , 0.174500 , 0.007600 , 11.054500 , 0.000000
291.250000 , 45.695000 , 8.315500 , 7.334822 , 1.279800 , 72.621300 , 1.817700 , 0.493000 , 4.731200 , 48.098000 , 0.000000 , 1000.057300 , 0.176000 , 0.007600 , 11.008000 , 0.000000
292.375000 , 45.898500 , 8.309800 , 7.348543 , 1.338950 , 71.555100 , 1.824750 , 0.502000 , 4.699800 , 48.305000 , 0.000000 , 1000.058650 , 0.179000 , 0.007600 , 11.030000 , 0.000000
293.500000 , 46.096000 , 8.305700 , 7.379617 , 1.375400 , 70.904200 , 1.838200 , 0.516000 , 4.674200 , 48.507000 , -0.000000 , 1000.059900 , 0.177000 , 0.007600 , 11.078000 , 0.000000
294.625000 , 46.293500 , 8.302900 , 7.399931 , 1.401000 , 70.451600 , 1.821650 , 0.545500 , 4.655350 , 48.708000 , -0.010000 , 1000.061000 , 0.167000 , 0.007600 , 11.109500 , 0.000000
295.750000 , 46.476000 , 8.301800 , 7.382577 , 1.425300 , 70.024100 , 1.810600 , 0.562000 , 4.642900 , 48.894000 , -0.010000 , 1000.062000 , 0.160000 , 0.007600 , 11.084000 , 0.000000
297.000000 , 46.670000 , 8.300300 , 7.394414 , 1.442900 , 69.717700 , 1.813100 , 0.569000 , 4.642200 , 49.092000 , 0.010000 , 1000.063000 , 0.158000 , 0.007600 , 11.102000 , 0.000000
298.250000 , 46.874000 , 8.299200 , 7.381491 , 1.454300 , 69.517700 , 1.816500 , 0.569000 , 4.641000 , 49.300000 , -0.000000 , 1000.064100 , 0.160000 , 0.007600 , 11.083000 , 0.000000
299.500000 , 47.069000 , 8.299000 , 7.394854 , 1.462200 , 69.381700 , 1.843100 , 0.560000 , 4.641300 , 49.499000 , 0.000000 , 1000.065000 , 0.157000 , 0.007600 , 11.103000 , 0.000000
300.750000 , 47.264000 , 8.297800 , 7.427527 , 1.472800 , 69.198000 , 1.823100 , 0.534000 , 4.642100 , 49.698000 , 0.000000 , 1000.066000 , 0.157000 , 0.007600 , 11.153000 , 0.000000
302.000000 , 47.468000 , 8.297300 , 7.425227 , 1.474800 , 69.163000 , 1.821100 , 0.531000 , 4.642500 , 49.906000 , 0.000000 , 1000.067100 , 0.161000 , 0.007600 , 11.149000 , 0.000000
303.250000 , 47.662000 , 8.296700 , 7.396560 , 1.477100 , 69.123200 , 1.821900 , 0.548000 , 4.641700 , 50.104000 , -0.010000 , 1000.068000 , 0.150000 , 0.007600 , 11.106000 , 0.000000
305.000000 , 47.876000 , 8.295800 , 7.395458 , 1.475700 , 69.148700 , 1.810800 , 0.543000 , 4.639200 , 50.322000 , -0.040000 , 1000.069100 , 0.086000 , 0.007600 , 11.105000 , 0.000000
