analysis/ctd/Cherry Lake June24_2014_down.txt
* Sea-Bird SBE25 Data File:
* FileName = C:\Documents and Settings\Field User\Desktop\Cherry Lake June24_2014.hex
* Software Version 1.59
* Temperature SN = 2360
* Conductivity SN = 2021
* System UpLoad Time = Jun 25 2014 07:14:28
** Cherry Lake Rim Fire June 24 2014
* ds
# nquan = 18                                
# nvalues = 5882                        
# units = specified
# name 0 = timeS: Time, Elapsed [seconds]
# name 1 = prSM: Pressure, Strain Gauge [db]
# name 2 = t090C: Temperature [ITS-90, deg C]
# name 3 = c0uS/cm: Conductivity [uS/cm]
# name 4 = bat: Beam Attenuation, Chelsea/Seatech [1/m]
# name 5 = xmiss: Beam Transmission, Chelsea/Seatech [%]
# name 6 = wetStar: Fluorescence, WET Labs WETstar [mg/m^3]
# name 7 = seaTurbMtr: Turbidity, Seapoint [FTU]
# name 8 = sbeox0Mg/L: Oxygen, SBE 43 [mg/l]
# name 9 = par: PAR/Irradiance, Biospherical/Licor
# name 10 = ph: pH
# name 11 = depFM: Depth [fresh water, m], lat = 0
# name 12 = accM: Acceleration [m/s^2], WS = 2
# name 13 = density00: Density [density, kg/m^3]
# name 14 = dz/dtM: Descent Rate [m/s], WS = 2
# name 15 = sal00: Salinity, Practical [PSU]
# name 16 = specc: Specific Conductance [uS/cm]
# span 0 =      0.000,    735.125       
# span 1 =     -0.908,     57.161       
# span 2 =     8.1808,    24.1342       
# span 3 =  -0.598243,  10.555539       
# span 4 =     0.3489,    11.4287       
# span 5 =     6.0684,    91.6521       
# span 6 =    -0.2910,    -0.2805       
# span 7 =      0.022,      0.036       
# span 8 =     4.1534,     8.1435       
# span 9 = 2.0041e-02, 4.2486e+03       
# span 10 =      5.762,     11.616      
# span 11 =     -0.926,     58.288      
# span 12 =      -0.22,       0.39      
# span 13 =   997.2611,  1000.1205      
# span 14 =     -0.277,      0.298      
# span 15 =     0.0000,     0.0134      
# span 16 =     -0.612,     11.373      
# span 17 = 0.0000e+00, 0.0000e+00      
# interval = seconds: 0.125
# start_time = Jun 24 2014 16:15:11 [Instrument's time stamp, header]
# bad_flag = -9.990e-29
*END*
[from data line 247]
393.187500 , 48.518500 , 8.212450 , 5.633774 , 1.522800 , 68.337050 , -0.284450 , 0.026000 , 6.308700 , 0.029094 , 7.449000 , 50.500000 , 0.020000 , 1000.076850 , 0.234500 , 0.006600 , 8.481000
393.937500 , 48.691500 , 8.209600 , 5.537700 , 1.528100 , 68.248800 , -0.284200 , 0.030000 , 6.279200 , 0.028992 , 7.449000 , 50.676500 , 0.000000 , 1000.077800 , 0.246000 , 0.006500 , 8.337000
394.750000 , 48.902000 , 8.207900 , 5.583004 , 1.528500 , 68.242600 , -0.284300 , 0.029000 , 6.276500 , 0.028536 , 7.447000 , 50.891000 , -0.000000 , 1000.079000 , 0.243000 , 0.006500 , 8.406000
395.562500 , 49.091000 , 8.206250 , 5.605125 , 1.543600 , 67.983900 , -0.287100 , 0.029000 , 6.244500 , 0.028224 , 7.445000 , 51.084000 , 0.000000 , 1000.080000 , 0.242500 , 0.006600 , 8.439500
396.437500 , 49.307000 , 8.203600 , 5.577147 , 1.551800 , 67.844950 , -0.285450 , 0.026500 , 6.249400 , 0.027963 , 7.444000 , 51.304000 , -0.020000 , 1000.081200 , 0.228500 , 0.006500 , 8.397500
397.312500 , 49.495000 , 8.203400 , 5.593814 , 1.563650 , 67.643600 , -0.287800 , 0.029500 , 6.215800 , 0.027512 , 7.444000 , 51.496000 , 0.010000 , 1000.082100 , 0.224500 , 0.006550 , 8.423000
398.125000 , 49.684000 , 8.202600 , 5.594761 , 1.574600 , 67.458800 , -0.285300 , 0.026000 , 6.177200 , 0.027490 , 7.444000 , 51.689000 , 0.000000 , 1000.083100 , 0.229000 , 0.006500 , 8.425000
399.062500 , 49.897000 , 8.201850 , 5.561779 , 1.569750 , 67.540600 , -0.288250 , 0.027500 , 6.149400 , 0.027102 , 7.439000 , 51.906000 , 0.000000 , 1000.084150 , 0.223000 , 0.006500 , 8.375000
399.937500 , 50.092000 , 8.201100 , 5.596158 , 1.573900 , 67.470750 , -0.284700 , 0.027500 , 6.125650 , 0.026785 , 7.439000 , 52.104500 , 0.030000 , 1000.085100 , 0.236000 , 0.006550 , 8.427000
400.687500 , 50.275000 , 8.199550 , 5.644373 , 1.584150 , 67.297750 , -0.287850 , 0.027500 , 6.103050 , 0.026395 , 7.438500 , 52.291500 , 0.005000 , 1000.086150 , 0.250000 , 0.006600 , 8.500000
401.500000 , 50.482000 , 8.198200 , 5.552241 , 1.598500 , 67.057200 , -0.288500 , 0.026000 , 6.088000 , 0.026126 , 7.436000 , 52.502000 , -0.000000 , 1000.087200 , 0.249000 , 0.006500 , 8.362000
402.312500 , 50.681500 , 8.196900 , 5.607104 , 1.602450 , 66.990950 , -0.287150 , 0.028500 , 6.058850 , 0.025702 , 7.435500 , 52.706000 , -0.025000 , 1000.088250 , 0.237500 , 0.006550 , 8.444500
403.187500 , 50.877500 , 8.195400 , 5.580044 , 1.609700 , 66.869650 , -0.286700 , 0.028500 , 6.070550 , 0.025590 , 7.434000 , 52.905500 , 0.000000 , 1000.089250 , 0.223000 , 0.006550 , 8.404500
404.062500 , 51.079000 , 8.194900 , 5.658707 , 1.615450 , 66.773150 , -0.286350 , 0.029000 , 6.073100 , 0.025377 , 7.436000 , 53.111000 , 0.020000 , 1000.090300 , 0.236000 , 0.006600 , 8.523000
404.875000 , 51.270000 , 8.194800 , 5.597058 , 1.623600 , 66.638300 , -0.284400 , 0.031000 , 6.017200 , 0.025241 , 7.434000 , 53.306000 , -0.000000 , 1000.091200 , 0.238000 , 0.006500 , 8.430000
405.687500 , 51.467500 , 8.194300 , 5.579695 , 1.632400 , 66.491500 , -0.284600 , 0.031000 , 5.991700 , 0.025044 , 7.434000 , 53.507000 , 0.000000 , 1000.092200 , 0.235500 , 0.006500 , 8.404000
406.500000 , 51.651000 , 8.193500 , 5.670581 , 1.628500 , 66.555000 , -0.288600 , 0.024000 , 5.970400 , 0.024819 , 7.431000 , 53.694000 , 0.010000 , 1000.093100 , 0.235000 , 0.006600 , 8.541000
407.312500 , 51.850500 , 8.192700 , 5.628151 , 1.638150 , 66.395700 , -0.286250 , 0.026500 , 5.952850 , 0.024587 , 7.429000 , 53.898000 , 0.005000 , 1000.094150 , 0.242000 , 0.006600 , 8.477500
408.125000 , 52.047000 , 8.192300 , 5.568796 , 1.639200 , 66.378400 , -0.289500 , 0.026000 , 5.931900 , 0.024658 , 7.429000 , 54.098000 , -0.020000 , 1000.095100 , 0.230000 , 0.006500 , 8.388000
409.062500 , 52.252000 , 8.192100 , 5.646940 , 1.643600 , 66.306300 , -0.287300 , 0.028000 , 5.903000 , 0.024412 , 7.428500 , 54.307000 , -0.030000 , 1000.096150 , 0.203000 , 0.006600 , 8.505500
410.062500 , 52.433500 , 8.191500 , 5.553026 , 1.660650 , 66.023000 , -0.287800 , 0.025000 , 5.865250 , 0.024243 , 7.424000 , 54.492500 , 0.055000 , 1000.097000 , 0.214000 , 0.006500 , 8.364500
410.875000 , 52.641000 , 8.191000 , 5.627864 , 1.661600 , 66.006800 , -0.288900 , 0.027000 , 5.834800 , 0.024093 , 7.425000 , 54.704000 , 0.050000 , 1000.098100 , 0.262000 , 0.006600 , 8.477000
411.562500 , 52.824500 , 8.190600 , 5.529077 , 1.660550 , 66.024100 , -0.286500 , 0.028500 , 5.829800 , 0.023738 , 7.424000 , 54.891000 , -0.010000 , 1000.098900 , 0.264000 , 0.006500 , 8.329000
412.312500 , 53.018500 , 8.190350 , 5.498878 , 1.662950 , 65.984900 , -0.287850 , 0.028500 , 5.823550 , 0.023537 , 7.424000 , 55.089000 , 0.000000 , 1000.099850 , 0.259000 , 0.006500 , 8.283500
413.062500 , 53.211500 , 8.190200 , 5.605005 , 1.670600 , 65.858300 , -0.286750 , 0.029500 , 5.809550 , 0.023574 , 7.424000 , 55.285500 , -0.010000 , 1000.100900 , 0.256000 , 0.006550 , 8.443500
413.875000 , 53.419000 , 8.189900 , 5.663205 , 1.684700 , 65.628800 , -0.286800 , 0.026000 , 5.813800 , 0.023359 , 7.424000 , 55.497000 , -0.010000 , 1000.101900 , 0.243000 , 0.006600 , 8.531000
414.687500 , 53.609500 , 8.189800 , 5.629276 , 1.683100 , 65.653750 , -0.289350 , 0.028000 , 5.777350 , 0.023130 , 7.422000 , 55.691500 , 0.005000 , 1000.102850 , 0.243500 , 0.006600 , 8.480000
415.500000 , 53.815000 , 8.189600 , 5.590142 , 1.686800 , 65.594000 , -0.285600 , 0.026000 , 5.718800 , 0.023004 , 7.420000 , 55.901000 , -0.030000 , 1000.103800 , 0.229000 , 0.006500 , 8.421000
416.375000 , 53.996000 , 8.188800 , 5.597144 , 1.693400 , 65.484800 , -0.285600 , 0.027000 , 5.735800 , 0.022719 , 7.420000 , 56.086000 , 0.010000 , 1000.104700 , 0.221000 , 0.006500 , 8.432000
