analysis/ctd/CherryLake_Rimfire_down.txt
* Sea-Bird SBE25 Data File:
* FileName = C:\Documents and Settings\Field User\Desktop\CherryLake_Rimfire.hex
* Software Version 1.59
* Temperature SN = 2360
* Conductivity SN = 2021
* System UpLoad Time = Apr 03 2014 16:34:22
** Cherry Lake Rim Fire Project spring sampling event
* ds
# nquan = 18                                
# nvalues = 5740                        
# units = specified
# name 0 = timeS: Time, Elapsed [seconds]
# name 1 = prSM: Pressure, Strain Gauge [db]
# name 2 = t090C: Temperature [ITS-90, deg C]
# name 3 = c0uS/cm: Conductivity [uS/cm]
# name 4 = bat: Beam Attenuation, Chelsea/Seatech [1/m]
# name 5 = xmiss: Beam Transmission, Chelsea/Seatech [%]
# name 6 = wetStar: Fluorescence, WET Labs WETstar [mg/m^3]
# name 7 = seaTurbMtr: Turbidity, Seapoint [FTU]
# name 8 = sbeox0Mg/L: Oxygen, SBE 43 [mg/l]
# name 9 = par: PAR/Irradiance, Biospherical/Licor
# name 10 = ph: pH
# name 11 = depFM: Depth [fresh water, m], lat = 0
# name 12 = accM: Acceleration [m/s^2], WS = 2
# name 13 = density00: Density [density, kg/m^3]
# name 14 = dz/dtM: Descent Rate [m/s], WS = 2
# name 15 = sal00: Salinity, Practical [PSU]
# name 16 = specc: Specific Conductance [uS/cm]
# span 0 =      0.000,    717.375       
# span 1 =     -2.794,     49.603       
# span 2 =     7.9608,     9.6754       
# span 3 =   5.259330,  24.594999       
# span 4 =     0.3730,    19.9988       
# span 5 =     1.0277,    91.1097       
# span 6 =    -0.2972,    -0.2795       
# span 7 =      0.020,      0.036       
# span 8 =     4.0326,     8.2054       
# span 9 = 1.9987e-02, 2.8833e+02       
# span 10 =      6.843,      7.756      
# span 11 =     -2.849,     50.581      
# span 12 =      -0.27,       0.10      
# span 13 =   999.7236,  1000.0977      
# span 14 =     -0.368,      0.242      
# span 15 =     0.0063,     0.0184      
# span 16 = -1.493e-24,     35.594      
# span 17 = 0.0000e+00, 0.0000e+00      
# interval = seconds: 0.125
# start_time = Apr 01 2014 18:15:44 [Instrument's time stamp, header]
# bad_flag = -9.990e-29
*END*
[from data line 83]
299.000000 , 14.367000 , 9.185400 , 5.643772 , 0.746000 , 82.986100 , -0.290700 , 0.028000 , 6.069500 , 0.658330 , 7.398000 , 17.696000 , 0.010000 , 999.843700 , 0.140000 , 0.007000 , 8.254000
300.625000 , 14.585000 , 9.182900 , 5.641024 , 0.739200 , 83.127400 , -0.288000 , 0.027000 , 5.993000 , 0.628330 , 7.399000 , 17.919000 , -0.040000 , 999.844900 , 0.107000 , 0.007000 , 8.251000
302.750000 , 14.719000 , 9.181400 , 5.654634 , 0.743100 , 83.045400 , -0.288800 , 0.027000 , 5.948100 , 0.603750 , 7.394000 , 18.055000 , 0.040000 , 999.845700 , 0.078000 , 0.007000 , 8.271000
304.750000 , 14.971000 , 9.180700 , 5.618520 , 0.742500 , 83.057600 , -0.291300 , 0.028000 , 5.932700 , 0.570860 , 7.397000 , 18.312000 , -0.040000 , 999.846900 , 0.125000 , 0.007000 , 8.218000
306.625000 , 15.134000 , 9.176700 , 5.608519 , 0.741600 , 83.077300 , -0.289700 , 0.028000 , 5.925600 , 0.549460 , 7.397000 , 18.478000 , 0.010000 , 999.848000 , 0.100000 , 0.007000 , 8.205000
308.625000 , 15.344000 , 9.174200 , 5.606031 , 0.740900 , 83.092200 , -0.291500 , 0.027000 , 5.953700 , 0.521750 , 7.397000 , 18.693000 , 0.010000 , 999.849200 , 0.104000 , 0.007000 , 8.202000
310.437500 , 15.550500 , 9.173000 , 5.661924 , 0.741700 , 83.076250 , -0.289800 , 0.027000 , 5.976500 , 0.490465 , 7.403000 , 18.903000 , -0.010000 , 999.850350 , 0.109000 , 0.007000 , 8.283500
312.437500 , 15.731000 , 9.171300 , 5.615790 , 0.735350 , 83.205750 , -0.291400 , 0.026500 , 6.052850 , 0.468670 , 7.405000 , 19.087000 , 0.005000 , 999.851300 , 0.087000 , 0.007000 , 8.217000
314.687500 , 15.934500 , 9.160900 , 5.619847 , 0.735950 , 83.195050 , -0.289300 , 0.027000 , 6.078350 , 0.447540 , 7.402000 , 19.294500 , -0.005000 , 999.853100 , 0.088500 , 0.007000 , 8.226500
316.687500 , 16.130000 , 9.149250 , 5.606326 , 0.740900 , 83.091800 , -0.290400 , 0.027000 , 6.033100 , 0.424920 , 7.398000 , 19.494000 , 0.010000 , 999.854950 , 0.115000 , 0.007000 , 8.208500
318.312500 , 16.320000 , 9.132400 , 5.604984 , 0.737800 , 83.156350 , -0.291750 , 0.026500 , 6.038000 , 0.405925 , 7.397500 , 19.688000 , 0.010000 , 999.857050 , 0.123000 , 0.007000 , 8.215500
319.687500 , 16.514000 , 9.088650 , 5.596831 , 0.732600 , 83.264450 , -0.290000 , 0.026000 , 6.051700 , 0.387855 , 7.394500 , 19.885500 , 0.010000 , 999.861350 , 0.155000 , 0.007000 , 8.208500
321.000000 , 16.725000 , 9.028700 , 5.621190 , 0.736700 , 83.179400 , -0.290500 , 0.028000 , 6.065500 , 0.372910 , 7.395000 , 20.101000 , -0.010000 , 999.866900 , 0.149000 , 0.006900 , 8.260000
322.375000 , 16.910000 , 9.019700 , 5.578335 , 0.724200 , 83.439100 , -0.291500 , 0.027000 , 6.076700 , 0.349310 , 7.394000 , 20.289000 , -0.000000 , 999.868500 , 0.140000 , 0.006900 , 8.198000
323.812500 , 17.114000 , 9.009700 , 5.615459 , 0.723300 , 83.458400 , -0.291300 , 0.028000 , 6.085550 , 0.335405 , 7.385500 , 20.497500 , -0.010000 , 999.870250 , 0.133000 , 0.006900 , 8.255000
325.250000 , 17.299000 , 8.975000 , 5.635379 , 0.727500 , 83.369500 , -0.290100 , 0.024000 , 6.115000 , 0.316990 , 7.378000 , 20.686000 , 0.020000 , 999.873700 , 0.144000 , 0.006900 , 8.290000
326.562500 , 17.513500 , 8.946500 , 5.573979 , 0.724300 , 83.438000 , -0.289050 , 0.024000 , 6.119400 , 0.302800 , 7.363000 , 20.904500 , 0.000000 , 999.876800 , 0.164000 , 0.006900 , 8.209500
327.750000 , 17.710000 , 8.943800 , 5.640276 , 0.722800 , 83.467300 , -0.288600 , 0.027000 , 6.134600 , 0.290650 , 7.358000 , 21.105000 , 0.010000 , 999.878000 , 0.168000 , 0.006900 , 8.308000
328.812500 , 17.895000 , 8.941800 , 5.604654 , 0.718950 , 83.548600 , -0.292550 , 0.029000 , 6.167600 , 0.279490 , 7.351000 , 21.294000 , 0.030000 , 999.879000 , 0.194000 , 0.006900 , 8.256000
329.812500 , 18.106500 , 8.938000 , 5.559160 , 0.712800 , 83.677500 , -0.290050 , 0.028000 , 6.199900 , 0.268355 , 7.347500 , 21.509500 , -0.020000 , 999.880250 , 0.197000 , 0.006900 , 8.190000
330.875000 , 18.301000 , 8.933800 , 5.606499 , 0.712600 , 83.680600 , -0.289700 , 0.030000 , 6.205200 , 0.257730 , 7.339000 , 21.708000 , -0.010000 , 999.881500 , 0.178000 , 0.006900 , 8.262000
332.000000 , 18.496000 , 8.900700 , 5.620023 , 0.708000 , 83.776900 , -0.288800 , 0.028000 , 6.230400 , 0.247440 , 7.335000 , 21.907000 , -0.010000 , 999.884900 , 0.169000 , 0.006900 , 8.288000
333.187500 , 18.692000 , 8.809550 , 5.593113 , 0.703300 , 83.876350 , -0.291450 , 0.030000 , 6.239650 , 0.234605 , 7.322500 , 22.106500 , 0.000000 , 999.892450 , 0.160000 , 0.006800 , 8.268000
334.375000 , 18.886000 , 8.768900 , 5.598547 , 0.702600 , 83.891700 , -0.290400 , 0.031000 , 6.262700 , 0.222600 , 7.308000 , 22.304000 , 0.010000 , 999.896300 , 0.171000 , 0.006800 , 8.287000
335.500000 , 19.074000 , 8.722700 , 5.552745 , 0.705700 , 83.825500 , -0.291100 , 0.029000 , 6.251300 , 0.213080 , 7.299000 , 22.496000 , 0.000000 , 999.900500 , 0.170000 , 0.006800 , 8.230000
336.625000 , 19.271000 , 8.696700 , 5.617179 , 0.695400 , 84.041600 , -0.290700 , 0.029000 , 6.258300 , 0.204980 , 7.283000 , 22.697000 , 0.020000 , 999.903300 , 0.187000 , 0.006800 , 8.336000
337.687500 , 19.481000 , 8.682950 , 5.578593 , 0.691150 , 84.131450 , -0.289850 , 0.024500 , 6.272200 , 0.196960 , 7.268500 , 22.911000 , 0.010000 , 999.905250 , 0.199500 , 0.006800 , 8.282000
338.625000 , 19.675000 , 8.666900 , 5.588974 , 0.684900 , 84.263100 , -0.290000 , 0.025000 , 6.269100 , 0.189740 , 7.256000 , 23.109000 , -0.020000 , 999.907300 , 0.197000 , 0.006800 , 8.300000
339.625000 , 19.854000 , 8.663500 , 5.504832 , 0.685800 , 84.243500 , -0.290700 , 0.026000 , 6.260200 , 0.182450 , 7.245000 , 23.291000 , -0.020000 , 999.908400 , 0.176000 , 0.006700 , 8.176000
340.875000 , 20.063000 , 8.656700 , 5.578033 , 0.676200 , 84.447600 , -0.288200 , 0.027000 , 6.286200 , 0.175360 , 7.233000 , 23.505000 , -0.030000 , 999.909900 , 0.144000 , 0.006700 , 8.286000
342.250000 , 20.247000 , 8.626800 , 5.525239 , 0.672400 , 84.526300 , -0.286600 , 0.027000 , 6.286200 , 0.164630 , 7.221000 , 23.692000 , 0.050000 , 999.912800 , 0.154000 , 0.006700 , 8.214000
343.375000 , 20.457000 , 8.593200 , 5.518217 , 0.684800 , 84.265100 , -0.290000 , 0.029000 , 6.329600 , 0.156520 , 7.211000 , 23.906000 , 0.050000 , 999.916200 , 0.220000 , 0.006700 , 8.213000
344.187500 , 20.649500 , 8.561800 , 5.550645 , 0.672650 , 84.520950 , -0.286000 , 0.028500 , 6.363850 , 0.152775 , 7.204000 , 24.102500 , 0.005000 , 999.919300 , 0.234500 , 0.006700 , 8.268000
345.000000 , 20.840000 , 8.540000 , 5.587597 , 0.671100 , 84.553700 , -0.291000 , 0.027000 , 6.374400 , 0.148460 , 7.199000 , 24.297000 , -0.010000 , 999.921700 , 0.229000 , 0.006700 , 8.328000
345.875000 , 21.034000 , 8.531900 , 5.554280 , 0.666900 , 84.643800 , -0.288300 , 0.024000 , 6.367200 , 0.142580 , 7.185000 , 24.495000 , -0.010000 , 999.923200 , 0.219000 , 0.006700 , 8.282000
346.812500 , 21.234500 , 8.509450 , 5.557431 , 0.655200 , 84.891250 , -0.290150 , 0.025500 , 6.390700 , 0.136765 , 7.178000 , 24.699000 , -0.020000 , 999.925750 , 0.206000 , 0.006700 , 8.292500
347.812500 , 21.434500 , 8.454050 , 5.521586 , 0.662950 , 84.726650 , -0.291500 , 0.024500 , 6.399750 , 0.131060 , 7.166000 , 24.903000 , -0.005000 , 999.930350 , 0.193000 , 0.006600 , 8.251000
348.812500 , 21.626500 , 8.411600 , 5.541372 , 0.658650 , 84.819050 , -0.289050 , 0.028500 , 6.400550 , 0.126250 , 7.154000 , 25.099000 , -0.010000 , 999.934150 , 0.188000 , 0.006600 , 8.292000
349.875000 , 21.810000 , 8.391500 , 5.429548 , 0.652200 , 84.953000 , -0.288500 , 0.029000 , 6.351100 , 0.121190 , 7.142000 , 25.286000 , 0.020000 , 999.936300 , 0.190000 , 0.006500 , 8.129000
350.937500 , 22.040000 , 8.371400 , 5.521017 , 0.642000 , 85.171200 , -0.290400 , 0.027000 , 6.311450 , 0.116660 , 7.135000 , 25.520500 , -0.035000 , 999.938800 , 0.191500 , 0.006600 , 8.271500
352.062500 , 22.221000 , 8.374950 , 5.577432 , 0.643300 , 85.143750 , -0.289950 , 0.029000 , 6.311300 , 0.112285 , 7.117500 , 25.705000 , 0.005000 , 999.939450 , 0.163000 , 0.006600 , 8.355500
353.187500 , 22.413000 , 8.368550 , 5.467413 , 0.644800 , 85.113250 , -0.291150 , 0.030500 , 6.323400 , 0.108020 , 7.103000 , 25.901000 , 0.025000 , 999.940800 , 0.186500 , 0.006600 , 8.190500
354.187500 , 22.612500 , 8.366850 , 5.505656 , 0.650750 , 84.986050 , -0.287850 , 0.026500 , 6.337100 , 0.104285 , 7.094500 , 26.104500 , -0.020000 , 999.941850 , 0.190000 , 0.006600 , 8.249500
355.250000 , 22.796000 , 8.364500 , 5.497500 , 0.642700 , 85.157400 , -0.287900 , 0.028000 , 6.348000 , 0.100150 , 7.088000 , 26.291000 , 0.010000 , 999.942900 , 0.176000 , 0.006600 , 8.237000
356.250000 , 22.991000 , 8.352300 , 5.556727 , 0.633100 , 85.361300 , -0.288900 , 0.028000 , 6.344000 , 0.096147 , 7.088000 , 26.490000 , 0.020000 , 999.944700 , 0.208000 , 0.006600 , 8.329000
357.250000 , 23.203000 , 8.323000 , 5.466888 , 0.629800 , 85.433100 , -0.288000 , 0.027000 , 6.360000 , 0.092619 , 7.088000 , 26.706000 , -0.040000 , 999.947600 , 0.185000 , 0.006500 , 8.206000
358.375000 , 23.383000 , 8.285800 , 5.494181 , 0.633100 , 85.361100 , -0.290500 , 0.027000 , 6.320000 , 0.088526 , 7.081000 , 26.890000 , 0.000000 , 999.950900 , 0.167000 , 0.006500 , 8.253000
359.562500 , 23.584500 , 8.279800 , 5.539028 , 0.629600 , 85.436750 , -0.286750 , 0.027000 , 6.289750 , 0.085657 , 7.070000 , 27.095500 , 0.000000 , 999.952250 , 0.166000 , 0.006600 , 8.321500
360.750000 , 23.785000 , 8.277800 , 5.469870 , 0.626200 , 85.508500 , -0.287600 , 0.025000 , 6.262000 , 0.082653 , 7.063000 , 27.300000 , 0.010000 , 999.953300 , 0.172000 , 0.006500 , 8.218000
361.875000 , 23.976000 , 8.277400 , 5.414952 , 0.638100 , 85.256200 , -0.290700 , 0.029000 , 6.198300 , 0.080133 , 7.057000 , 27.495000 , 0.020000 , 999.954200 , 0.187000 , 0.006500 , 8.136000
363.000000 , 24.200000 , 8.275500 , 5.543184 , 0.637100 , 85.276800 , -0.287400 , 0.025000 , 6.171700 , 0.077986 , 7.052000 , 27.723000 , -0.040000 , 999.955500 , 0.173000 , 0.006600 , 8.328000
364.187500 , 24.377000 , 8.270850 , 5.519230 , 0.624750 , 85.539650 , -0.291500 , 0.027000 , 6.152750 , 0.075245 , 7.047500 , 27.903500 , 0.005000 , 999.956650 , 0.148000 , 0.006500 , 8.293500
365.437500 , 24.569500 , 8.270350 , 5.559228 , 0.622900 , 85.578950 , -0.287350 , 0.028500 , 6.111450 , 0.072573 , 7.041000 , 28.100000 , 0.010000 , 999.957650 , 0.160500 , 0.006550 , 8.354000
366.687500 , 24.768000 , 8.272300 , 5.493271 , 0.622350 , 85.590750 , -0.292300 , 0.028000 , 6.088200 , 0.070215 , 7.042500 , 28.302500 , 0.015000 , 999.958400 , 0.160000 , 0.006500 , 8.254500
367.875000 , 24.972000 , 8.267200 , 5.447270 , 0.617100 , 85.704400 , -0.289100 , 0.028000 , 6.078600 , 0.067953 , 7.042000 , 28.510000 , -0.010000 , 999.959700 , 0.172000 , 0.006500 , 8.187000
369.062500 , 25.157000 , 8.265300 , 5.500015 , 0.620150 , 85.637800 , -0.289200 , 0.026500 , 6.063650 , 0.065761 , 7.041500 , 28.699000 , 0.000000 , 999.960850 , 0.159000 , 0.006500 , 8.266500
370.312500 , 25.358000 , 8.267000 , 5.459743 , 0.621200 , 85.616050 , -0.289350 , 0.026000 , 6.040150 , 0.063290 , 7.040500 , 28.904000 , 0.015000 , 999.961600 , 0.162000 , 0.006500 , 8.205500
371.375000 , 25.549000 , 8.266300 , 5.476101 , 0.625000 , 85.535000 , -0.291300 , 0.027000 , 6.031500 , 0.061483 , 7.037000 , 29.099000 , 0.010000 , 999.962600 , 0.190000 , 0.006500 , 8.230000
372.437500 , 25.741000 , 8.265800 , 5.456321 , 0.617650 , 85.691100 , -0.289900 , 0.024000 , 6.036550 , 0.059840 , 7.037000 , 29.294500 , -0.020000 , 999.963500 , 0.170500 , 0.006500 , 8.200500
373.625000 , 25.944000 , 8.264400 , 5.505835 , 0.615000 , 85.748700 , -0.283400 , 0.029000 , 6.023400 , 0.057903 , 7.038000 , 29.502000 , -0.010000 , 999.964600 , 0.174000 , 0.006500 , 8.275000
374.875000 , 26.151000 , 8.264200 , 5.459050 , 0.628400 , 85.462500 , -0.290100 , 0.026000 , 6.023600 , 0.056173 , 7.040000 , 29.713000 , -0.030000 , 999.965600 , 0.143000 , 0.006500 , 8.205000
376.250000 , 26.334000 , 8.263400 , 5.453005 , 0.626000 , 85.513900 , -0.289600 , 0.029000 , 6.014000 , 0.053890 , 7.040000 , 29.899000 , 0.030000 , 999.966500 , 0.146000 , 0.006500 , 8.196000
377.437500 , 26.534000 , 8.263800 , 5.488402 , 0.619250 , 85.658400 , -0.285850 , 0.030000 , 5.988900 , 0.052288 , 7.035000 , 30.103000 , -0.005000 , 999.967500 , 0.170000 , 0.006500 , 8.249500
378.687500 , 26.727000 , 8.263900 , 5.500687 , 0.622900 , 85.579350 , -0.285500 , 0.027500 , 5.946150 , 0.050990 , 7.030500 , 30.300000 , -0.015000 , 999.968450 , 0.141000 , 0.006500 , 8.268000
380.000000 , 26.916000 , 8.260700 , 5.513415 , 0.623800 , 85.558900 , -0.289600 , 0.027000 , 5.923100 , 0.049751 , 7.028000 , 30.493000 , 0.030000 , 999.969500 , 0.167000 , 0.006500 , 8.288000
381.125000 , 27.120000 , 8.261000 , 5.456754 , 0.625700 , 85.519100 , -0.289100 , 0.026000 , 5.898400 , 0.048750 , 7.025000 , 30.701000 , 0.000000 , 999.970400 , 0.183000 , 0.006500 , 8.203000
382.250000 , 27.323000 , 8.260500 , 5.490821 , 0.626100 , 85.510900 , -0.291400 , 0.029000 , 5.895000 , 0.047204 , 7.032000 , 30.908000 , -0.010000 , 999.971500 , 0.172000 , 0.006500 , 8.254000
383.375000 , 27.513000 , 8.253900 , 5.357960 , 0.625600 , 85.519800 , -0.288900 , 0.027000 , 5.904400 , 0.045916 , 7.034000 , 31.101000 , 0.010000 , 999.972800 , 0.179000 , 0.006400 , 8.056000
384.437500 , 27.711000 , 8.251950 , 5.475324 , 0.628300 , 85.463200 , -0.288500 , 0.026000 , 5.938600 , 0.044750 , 7.042000 , 31.303500 , 0.000000 , 999.973950 , 0.186000 , 0.006500 , 8.232500
385.500000 , 27.908000 , 8.251000 , 5.468992 , 0.656100 , 84.876100 , -0.289400 , 0.024000 , 5.956500 , 0.043500 , 7.044000 , 31.504000 , -0.010000 , 999.974800 , 0.176000 , 0.006500 , 8.224000
386.625000 , 28.097000 , 8.245100 , 5.397316 , 0.624300 , 85.549700 , -0.291000 , 0.024000 , 5.942300 , 0.042580 , 7.042000 , 31.697000 , 0.000000 , 999.976200 , 0.172000 , 0.006500 , 8.117000
387.812500 , 28.299000 , 8.240100 , 5.495563 , 0.623300 , 85.570650 , -0.290300 , 0.026500 , 5.923150 , 0.041344 , 7.042500 , 31.903000 , -0.020000 , 999.977500 , 0.154000 , 0.006500 , 8.266000
389.062500 , 28.488000 , 8.241200 , 5.486552 , 0.627550 , 85.479650 , -0.290100 , 0.028000 , 5.903150 , 0.040248 , 7.038000 , 32.095500 , 0.020000 , 999.978350 , 0.159500 , 0.006500 , 8.252000
390.187500 , 28.679500 , 8.238850 , 5.479166 , 0.628700 , 85.455850 , -0.288650 , 0.030000 , 5.881600 , 0.039355 , 7.037500 , 32.291000 , 0.020000 , 999.979450 , 0.185500 , 0.006500 , 8.241500
391.187500 , 28.876000 , 8.235800 , 5.374458 , 0.628050 , 85.468500 , -0.291000 , 0.026000 , 5.881250 , 0.038573 , 7.038500 , 32.491500 , 0.015000 , 999.980550 , 0.205000 , 0.006400 , 8.085000
392.187500 , 29.089000 , 8.236450 , 5.445128 , 0.630100 , 85.424500 , -0.288250 , 0.031000 , 5.874600 , 0.037691 , 7.045000 , 32.708500 , -0.020000 , 999.981450 , 0.195500 , 0.006500 , 8.191000
393.250000 , 29.281000 , 8.232000 , 5.456884 , 0.629200 , 85.444400 , -0.288200 , 0.028000 , 5.886400 , 0.036633 , 7.050000 , 32.904000 , 0.020000 , 999.982800 , 0.182000 , 0.006500 , 8.209000
394.250000 , 29.473000 , 8.229700 , 5.496000 , 0.632000 , 85.383700 , -0.288800 , 0.028000 , 5.874800 , 0.035801 , 7.047000 , 33.100000 , 0.020000 , 999.983900 , 0.210000 , 0.006500 , 8.269000
395.187500 , 29.674000 , 8.228050 , 5.472005 , 0.639650 , 85.221750 , -0.292150 , 0.026000 , 5.857500 , 0.035286 , 7.049500 , 33.305000 , -0.035000 , 999.984900 , 0.191000 , 0.006500 , 8.233500
396.250000 , 29.854000 , 8.228700 , 5.443280 , 0.633300 , 85.356900 , -0.290400 , 0.025000 , 5.835200 , 0.034333 , 7.045000 , 33.489000 , 0.010000 , 999.985700 , 0.176000 , 0.006500 , 8.190000
397.312500 , 30.054000 , 8.229450 , 5.436122 , 0.634650 , 85.327650 , -0.289550 , 0.025000 , 5.824300 , 0.033644 , 7.043500 , 33.692500 , 0.020000 , 999.986600 , 0.201000 , 0.006500 , 8.179500
398.312500 , 30.266500 , 8.225800 , 5.431359 , 0.628700 , 85.456600 , -0.289650 , 0.027500 , 5.760700 , 0.032975 , 7.044500 , 33.909000 , -0.020000 , 999.987900 , 0.201500 , 0.006500 , 8.173000
