analysis/ctd/CherryLake_Rimfire_down.txt
* Sea-Bird SBE25 Data File:
* FileName = C:\Documents and Settings\Field User\Desktop\CherryLake_Rimfire.hex
* Software Version 1.59
* Temperature SN = 2360
* Conductivity SN = 2021
* System UpLoad Time = Apr 03 2014 16:34:22
** Cherry Lake Rim Fire Project spring sampling event
* ds
# nquan = 18                                
# nvalues = 5740                        
# units = specified
# name 0 = timeS: Time, Elapsed [seconds]
# name 1 = prSM: Pressure, Strain Gauge [db]
# name 2 = t090C: Temperature [ITS-90, deg C]
# name 3 = c0uS/cm: Conductivity [uS/cm]
# name 4 = bat: Beam Attenuation, Chelsea/Seatech [1/m]
# name 5 = xmiss: Beam Transmission, Chelsea/Seatech [%]
# name 6 = wetStar: Fluorescence, WET Labs WETstar [mg/m^3]
# name 7 = seaTurbMtr: Turbidity, Seapoint [FTU]
# name 8 = sbeox0Mg/L: Oxygen, SBE 43 [mg/l]
# name 9 = par: PAR/Irradiance, Biospherical/Licor
# name 10 = ph: pH
# name 11 = depFM: Depth [fresh water, m], lat = 0
# name 12 = accM: Acceleration [m/s^2], WS = 2
# name 13 = density00: Density [density, kg/m^3]
# name 14 = dz/dtM: Descent Rate [m/s], WS = 2
# name 15 = sal00: Salinity, Practical [PSU]
# name 16 = specc: Specific Conductance [uS/cm]
# span 0 =      0.000,    717.375       
# span 1 =     -2.794,     49.603       
# span 2 =     7.9608,     9.6754       
# span 3 =   5.259330,  24.594999       
# span 4 =     0.3730,    19.9988       
# span 5 =     1.0277,    91.1097       
# span 6 =    -0.2972,    -0.2795       
# span 7 =      0.020,      0.036       
# span 8 =     4.0326,     8.2054       
# span 9 = 1.9987e-02, 2.8833e+02       
# span 10 =      6.843,      7.756      
# span 11 =     -2.849,     50.581      
# span 12 =      -0.27,       0.10      
# span 13 =   999.7236,  1000.0977      
# span 14 =     -0.368,      0.242      
# span 15 =     0.0063,     0.0184      
# span 16 = -1.493e-24,     35.594      
# span 17 = 0.0000e+00, 0.0000e+00      
# interval = seconds: 0.125
# start_time = Apr 01 2014 18:15:44 [Instrument's time stamp, header]
# bad_flag = -9.990e-29
*END*
168.187500 , -1.917500 , 9.672150 , 15.321805 , 0.793500 , 82.005150 , -0.286300 , 0.026500 , 5.275800 , 53.822000 , 7.685500 , 1.090500 , 0.015000 , 999.730850 , 0.117500 , 0.012750 , 22.093500
169.687500 , -1.717500 , 9.672200 , 14.057081 , 0.793300 , 82.010350 , -0.287600 , 0.029000 , 5.323750 , 49.337000 , 7.650000 , 1.294500 , 0.010000 , 999.731300 , 0.150500 , 0.012050 , 20.270000
171.062500 , -1.504500 , 9.672300 , 12.850384 , 0.792450 , 82.028500 , -0.291100 , 0.027000 , 5.353500 , 46.535000 , 7.606000 , 1.512000 , -0.025000 , 999.731850 , 0.127000 , 0.011300 , 18.530000
172.750000 , -1.318000 , 9.672000 , 11.387377 , 0.792700 , 82.021600 , -0.288500 , 0.029000 , 5.362600 , 43.391000 , 7.593000 , 1.702000 , -0.000000 , 999.732100 , 0.113000 , 0.010500 , 16.420000
174.625000 , -1.122000 , 9.672600 , 11.681046 , 0.800700 , 81.858700 , -0.289700 , 0.027000 , 5.366300 , 39.842000 , 7.564000 , 1.902000 , -0.000000 , 999.733000 , 0.094000 , 0.010600 , 16.844000
176.500000 , -0.936000 , 9.673100 , 10.648640 , 0.794200 , 81.991900 , -0.290000 , 0.028000 , 5.365300 , 36.096000 , 7.531000 , 2.092000 , 0.020000 , 999.733400 , 0.125000 , 0.010000 , 15.355000
178.125000 , -0.729000 , 9.674100 , 10.278873 , 0.795600 , 81.961900 , -0.290100 , 0.027000 , 5.395200 , 33.803000 , 7.517000 , 2.303000 , -0.010000 , 999.734200 , 0.117000 , 0.009800 , 14.821000
179.750000 , -0.536000 , 9.674600 , 9.997140 , 0.794200 , 81.992800 , -0.291700 , 0.026000 , 5.448900 , 32.159000 , 7.494000 , 2.499000 , 0.010000 , 999.735000 , 0.125000 , 0.009700 , 14.415000
181.375000 , -0.331000 , 9.675300 , 8.824493 , 0.790500 , 82.068600 , -0.290800 , 0.027000 , 5.501100 , 30.422000 , 7.476000 , 2.708000 , -0.000000 , 999.735300 , 0.121000 , 0.009000 , 12.724000
183.000000 , -0.136000 , 9.670100 , 8.408132 , 0.791400 , 82.048900 , -0.289900 , 0.027000 , 5.598200 , 29.237000 , 7.454000 , 2.907000 , -0.010000 , 999.736500 , 0.121000 , 0.008800 , 12.125000
184.750000 , 0.061000 , 9.660300 , 8.036141 , 0.791300 , 82.052100 , -0.290800 , 0.028000 , 5.633200 , 27.927000 , 7.441000 , 3.108000 , -0.010000 , 999.738000 , 0.102000 , 0.008500 , 11.593000
186.625000 , 0.250000 , 9.646700 , 7.650583 , 0.787000 , 82.139400 , -0.288000 , 0.027000 , 5.718500 , 26.606000 , 7.435000 , 3.301000 , 0.010000 , 999.740000 , 0.110000 , 0.008300 , 11.040000
188.750000 , 0.450000 , 9.646000 , 7.191309 , 0.789500 , 82.085900 , -0.289500 , 0.027000 , 5.758200 , 25.335000 , 7.416000 , 3.505000 , -0.010000 , 999.740700 , 0.083000 , 0.008100 , 10.378000
190.750000 , 0.637000 , 9.639100 , 6.906226 , 0.793100 , 82.013700 , -0.289700 , 0.026000 , 5.785700 , 24.077000 , 7.410000 , 3.696000 , 0.020000 , 999.742100 , 0.112000 , 0.007900 , 9.969000
192.625000 , 0.819000 , 9.622400 , 6.809551 , 0.792000 , 82.036500 , -0.288600 , 0.027000 , 5.825000 , 23.141000 , 7.413000 , 3.881000 , 0.010000 , 999.744600 , 0.091000 , 0.007800 , 9.835000
194.687500 , 1.057000 , 9.601600 , 6.659433 , 0.791700 , 82.043850 , -0.290950 , 0.027000 , 5.825000 , 21.780000 , 7.401000 , 4.124000 , -0.015000 , 999.747350 , 0.099000 , 0.007800 , 9.619000
196.437500 , 1.219500 , 9.580750 , 6.488435 , 0.789250 , 82.093500 , -0.290900 , 0.029500 , 5.851450 , 20.647500 , 7.398000 , 4.289500 , 0.025000 , 999.749550 , 0.122500 , 0.007700 , 9.380500
198.187500 , 1.428500 , 9.551300 , 6.262296 , 0.795100 , 81.973450 , -0.290500 , 0.028000 , 5.905150 , 19.838500 , 7.396000 , 4.502500 , -0.010000 , 999.752800 , 0.104000 , 0.007500 , 9.063500
200.062500 , 1.627500 , 9.493750 , 6.166575 , 0.789050 , 82.098000 , -0.289100 , 0.026500 , 5.902050 , 18.791500 , 7.388000 , 4.705500 , 0.000000 , 999.758450 , 0.111000 , 0.007400 , 8.937500
202.000000 , 1.837000 , 9.462900 , 6.085731 , 0.806600 , 81.738500 , -0.291200 , 0.027000 , 5.885900 , 17.766000 , 7.391000 , 4.919000 , -0.020000 , 999.761900 , 0.090000 , 0.007400 , 8.830000
204.187500 , 1.978500 , 9.429200 , 6.019682 , 0.812800 , 81.612300 , -0.291200 , 0.024000 , 5.930950 , 16.674500 , 7.386000 , 5.063500 , 0.045000 , 999.765300 , 0.083500 , 0.007300 , 8.743500
205.937500 , 2.216500 , 9.413200 , 5.953488 , 0.817950 , 81.506350 , -0.289950 , 0.026500 , 5.975200 , 15.698000 , 7.386000 , 5.306500 , -0.010000 , 999.767650 , 0.150000 , 0.007300 , 8.649000
207.250000 , 2.401000 , 9.391600 , 5.957035 , 0.823400 , 81.396100 , -0.289900 , 0.025000 , 6.008000 , 14.888000 , 7.381000 , 5.494000 , 0.010000 , 999.770200 , 0.146000 , 0.007300 , 8.658000
208.562500 , 2.608500 , 9.381650 , 5.878637 , 0.831950 , 81.221950 , -0.288950 , 0.026000 , 6.019750 , 14.258500 , 7.379000 , 5.706000 , 0.000000 , 999.772000 , 0.160000 , 0.007200 , 8.548500
209.750000 , 2.800000 , 9.378500 , 5.854980 , 0.837900 , 81.101900 , -0.290900 , 0.025000 , 6.023000 , 13.648000 , 7.380000 , 5.901000 , -0.010000 , 999.773200 , 0.161000 , 0.007200 , 8.516000
211.187500 , 2.992000 , 9.362450 , 5.900237 , 0.820550 , 81.454000 , -0.288550 , 0.026000 , 6.041200 , 13.040500 , 7.379000 , 6.097000 , -0.015000 , 999.775350 , 0.121500 , 0.007200 , 8.585500
212.750000 , 3.200000 , 9.356200 , 5.851127 , 0.821800 , 81.428000 , -0.290700 , 0.027000 , 6.052700 , 12.268000 , 7.378000 , 6.309000 , -0.000000 , 999.776900 , 0.141000 , 0.007200 , 8.515000
214.250000 , 3.394000 , 9.342100 , 5.897594 , 0.821100 , 81.440900 , -0.290000 , 0.027000 , 6.049600 , 11.527000 , 7.376000 , 6.507000 , -0.010000 , 999.778900 , 0.116000 , 0.007200 , 8.590000
215.750000 , 3.567000 , 9.317400 , 5.839651 , 0.824300 , 81.375500 , -0.289700 , 0.027000 , 6.055800 , 10.905000 , 7.378000 , 6.683000 , 0.020000 , 999.781700 , 0.135000 , 0.007200 , 8.507000
217.125000 , 3.773000 , 9.302800 , 5.788596 , 0.824000 , 81.384200 , -0.287500 , 0.027000 , 6.059900 , 10.394000 , 7.377000 , 6.893000 , -0.010000 , 999.783800 , 0.145000 , 0.007200 , 8.438000
218.562500 , 3.973500 , 9.293600 , 5.753725 , 0.819600 , 81.472200 , -0.287800 , 0.026000 , 6.065950 , 9.806250 , 7.378500 , 7.098000 , 0.000000 , 999.785450 , 0.138000 , 0.007100 , 8.390500
220.000000 , 4.171000 , 9.269900 , 5.741177 , 0.810300 , 81.661300 , -0.289700 , 0.028000 , 6.035800 , 9.304800 , 7.379000 , 7.299000 , -0.000000 , 999.788300 , 0.137000 , 0.007100 , 8.376000
221.375000 , 4.357000 , 9.261200 , 5.745459 , 0.807900 , 81.709600 , -0.289200 , 0.027000 , 6.018300 , 8.914600 , 7.378000 , 7.489000 , 0.000000 , 999.789800 , 0.139000 , 0.007100 , 8.385000
223.000000 , 4.561000 , 9.252400 , 5.780796 , 0.795900 , 81.957000 , -0.289500 , 0.026000 , 6.011200 , 8.455900 , 7.378000 , 7.697000 , -0.010000 , 999.791500 , 0.108000 , 0.007100 , 8.438000
224.750000 , 4.754000 , 9.248200 , 5.821537 , 0.792600 , 82.024300 , -0.290100 , 0.027000 , 6.008700 , 7.992900 , 7.378000 , 7.894000 , -0.000000 , 999.792800 , 0.119000 , 0.007100 , 8.499000
226.562500 , 4.960500 , 9.243700 , 5.764304 , 0.800450 , 81.863000 , -0.290050 , 0.025500 , 5.991850 , 7.449050 , 7.378000 , 8.104500 , -0.010000 , 999.794100 , 0.099000 , 0.007100 , 8.416000
228.375000 , 5.140000 , 9.242100 , 5.686099 , 0.791500 , 82.047700 , -0.289600 , 0.028000 , 5.988400 , 6.978000 , 7.377000 , 8.287000 , 0.030000 , 999.795100 , 0.126000 , 0.007100 , 8.302000
229.937500 , 5.352500 , 9.240650 , 5.694112 , 0.775250 , 82.382750 , -0.289750 , 0.027000 , 6.009550 , 6.674050 , 7.375000 , 8.504000 , 0.005000 , 999.796150 , 0.134000 , 0.007100 , 8.314000
231.437500 , 5.564500 , 9.240050 , 5.676390 , 0.776650 , 82.353300 , -0.288350 , 0.025500 , 6.024850 , 6.270550 , 7.376000 , 8.720500 , -0.010000 , 999.797250 , 0.129000 , 0.007100 , 8.288500
232.750000 , 5.727000 , 9.239500 , 5.661048 , 0.786600 , 82.148300 , -0.286700 , 0.025000 , 6.014800 , 6.004600 , 7.375000 , 8.886000 , 0.040000 , 999.798100 , 0.155000 , 0.007100 , 8.266000
234.125000 , 5.956000 , 9.239000 , 5.743284 , 0.782000 , 82.242700 , -0.289600 , 0.026000 , 6.005900 , 5.784300 , 7.376000 , 9.119000 , -0.040000 , 999.799200 , 0.129000 , 0.007100 , 8.386000
235.750000 , 6.136000 , 9.237500 , 5.671220 , 0.773600 , 82.416000 , -0.290700 , 0.026000 , 5.985700 , 5.468700 , 7.377000 , 9.303000 , 0.010000 , 999.800200 , 0.122000 , 0.007100 , 8.282000
237.437500 , 6.359000 , 9.236550 , 5.657614 , 0.774400 , 82.397900 , -0.284950 , 0.028000 , 6.005700 , 5.184800 , 7.376000 , 9.530000 , -0.035000 , 999.801250 , 0.110000 , 0.007100 , 8.262000
239.312500 , 6.516000 , 9.235050 , 5.656868 , 0.771950 , 82.450200 , -0.290000 , 0.027500 , 6.005050 , 4.902350 , 7.376000 , 9.690500 , 0.025000 , 999.802200 , 0.102500 , 0.007050 , 8.261500
240.937500 , 6.726000 , 9.232900 , 5.683908 , 0.770850 , 82.471750 , -0.288900 , 0.024000 , 6.029800 , 4.673850 , 7.376000 , 9.904500 , 0.010000 , 999.803350 , 0.148500 , 0.007100 , 8.301000
242.312500 , 6.919000 , 9.232650 , 5.689726 , 0.772400 , 82.440000 , -0.292350 , 0.024500 , 6.052400 , 4.451800 , 7.376000 , 10.101500 , -0.005000 , 999.804300 , 0.126000 , 0.007100 , 8.310000
243.812500 , 7.111000 , 9.231300 , 5.599271 , 0.773350 , 82.420800 , -0.290850 , 0.026500 , 6.066250 , 4.231350 , 7.375000 , 10.297000 , 0.000000 , 999.805300 , 0.135500 , 0.007000 , 8.178000
245.312500 , 7.311000 , 9.229300 , 5.639194 , 0.771250 , 82.463550 , -0.289400 , 0.025000 , 6.069200 , 4.019100 , 7.377000 , 10.501000 , 0.000000 , 999.806450 , 0.131500 , 0.007000 , 8.237000
246.687500 , 7.508500 , 9.229750 , 5.638560 , 0.776650 , 82.351400 , -0.290100 , 0.024000 , 6.077300 , 3.845700 , 7.377500 , 10.702500 , -0.005000 , 999.807350 , 0.148000 , 0.007000 , 8.235500
248.187500 , 7.690500 , 9.227600 , 5.608421 , 0.764700 , 82.598400 , -0.290950 , 0.026000 , 6.123950 , 3.667200 , 7.378000 , 10.888000 , 0.020000 , 999.808350 , 0.120500 , 0.007000 , 8.192000
249.687500 , 7.910500 , 9.226000 , 5.652708 , 0.775800 , 82.369200 , -0.293200 , 0.026500 , 6.142150 , 3.459950 , 7.379500 , 11.112500 , -0.025000 , 999.809650 , 0.147500 , 0.007050 , 8.257500
251.437500 , 8.098000 , 9.225500 , 5.603429 , 0.764200 , 82.609050 , -0.290900 , 0.026000 , 6.170700 , 3.231950 , 7.379500 , 11.304000 , -0.020000 , 999.810550 , 0.092000 , 0.007000 , 8.185500
253.250000 , 8.274000 , 9.224400 , 5.575012 , 0.763100 , 82.632400 , -0.287400 , 0.025000 , 6.155200 , 3.034400 , 7.380000 , 11.483000 , 0.060000 , 999.811400 , 0.147000 , 0.007000 , 8.144000
254.562500 , 8.497500 , 9.222750 , 5.652530 , 0.798050 , 81.915000 , -0.289250 , 0.028000 , 6.151500 , 2.910850 , 7.381500 , 11.711000 , -0.010000 , 999.812650 , 0.155500 , 0.007000 , 8.258000
255.750000 , 8.679000 , 9.222200 , 5.616631 , 0.780000 , 82.284500 , -0.292900 , 0.026000 , 6.136400 , 2.802300 , 7.379000 , 11.896000 , 0.000000 , 999.813500 , 0.158000 , 0.007000 , 8.206000
257.000000 , 8.863000 , 9.221700 , 5.588337 , 0.779200 , 82.301300 , -0.290800 , 0.027000 , 6.140800 , 2.699900 , 7.382000 , 12.084000 , 0.010000 , 999.814400 , 0.150000 , 0.007000 , 8.164000
258.375000 , 9.086000 , 9.221000 , 5.603115 , 0.767200 , 82.547500 , -0.287400 , 0.027000 , 6.153600 , 2.543500 , 7.379000 , 12.311000 , -0.020000 , 999.815600 , 0.149000 , 0.007000 , 8.186000
259.750000 , 9.269000 , 9.220400 , 5.643284 , 0.763000 , 82.632300 , -0.290800 , 0.028000 , 6.157600 , 2.452600 , 7.383000 , 12.498000 , -0.000000 , 999.816500 , 0.135000 , 0.007000 , 8.245000
261.187500 , 9.467000 , 9.219600 , 5.649265 , 0.762000 , 82.653600 , -0.288300 , 0.028000 , 6.152150 , 2.329800 , 7.380000 , 12.699500 , -0.010000 , 999.817550 , 0.130500 , 0.007000 , 8.253500
262.687500 , 9.645500 , 9.217150 , 5.575549 , 0.764700 , 82.598300 , -0.289200 , 0.028000 , 6.167200 , 2.221050 , 7.381000 , 12.881500 , 0.015000 , 999.818550 , 0.129000 , 0.007000 , 8.147000
264.250000 , 9.868000 , 9.215400 , 5.596545 , 0.763300 , 82.627500 , -0.288700 , 0.030000 , 6.163300 , 2.092100 , 7.383000 , 13.109000 , -0.010000 , 999.819800 , 0.127000 , 0.007000 , 8.178000
265.750000 , 10.049000 , 9.214800 , 5.600959 , 0.763600 , 82.621000 , -0.290900 , 0.028000 , 6.171200 , 1.994200 , 7.383000 , 13.293000 , 0.020000 , 999.820700 , 0.136000 , 0.007000 , 8.185000
267.250000 , 10.252000 , 9.212600 , 5.640163 , 0.753800 , 82.823300 , -0.291400 , 0.029000 , 6.154100 , 1.898600 , 7.381000 , 13.500000 , -0.020000 , 999.821900 , 0.126000 , 0.007000 , 8.242000
268.750000 , 10.448000 , 9.211300 , 5.641182 , 0.753000 , 82.840400 , -0.288400 , 0.027000 , 6.140900 , 1.815400 , 7.381000 , 13.700000 , 0.000000 , 999.822900 , 0.135000 , 0.007000 , 8.244000
270.312500 , 10.635500 , 9.209850 , 5.623278 , 0.748500 , 82.935000 , -0.291150 , 0.027000 , 6.149850 , 1.713250 , 7.381000 , 13.891500 , 0.005000 , 999.823900 , 0.116500 , 0.007000 , 8.218000
271.875000 , 10.835000 , 9.207200 , 5.595686 , 0.754100 , 82.818000 , -0.288600 , 0.026000 , 6.188700 , 1.642000 , 7.383000 , 14.095000 , 0.010000 , 999.825000 , 0.145000 , 0.007000 , 8.178000
273.250000 , 11.041000 , 9.205100 , 5.604241 , 0.748000 , 82.944300 , -0.290200 , 0.029000 , 6.207500 , 1.533200 , 7.381000 , 14.305000 , -0.010000 , 999.826200 , 0.138000 , 0.007000 , 8.192000
274.625000 , 11.220000 , 9.202900 , 5.572406 , 0.753900 , 82.821700 , -0.291100 , 0.028000 , 6.256200 , 1.457300 , 7.389000 , 14.487000 , 0.020000 , 999.827200 , 0.141000 , 0.007000 , 8.145000
275.937500 , 11.427500 , 9.201250 , 5.600625 , 0.758950 , 82.717050 , -0.289350 , 0.028500 , 6.282850 , 1.390200 , 7.392000 , 14.698500 , 0.010000 , 999.828350 , 0.163500 , 0.007000 , 8.187500
277.125000 , 11.627000 , 9.199700 , 5.638937 , 0.755600 , 82.787000 , -0.291500 , 0.026000 , 6.304500 , 1.328100 , 7.391000 , 14.902000 , -0.010000 , 999.829400 , 0.166000 , 0.007000 , 8.244000
278.250000 , 11.801000 , 9.198500 , 5.656307 , 0.751600 , 82.869600 , -0.290200 , 0.028000 , 6.301000 , 1.259100 , 7.391000 , 15.080000 , 0.030000 , 999.830400 , 0.173000 , 0.007000 , 8.269000
279.312500 , 12.016500 , 9.197550 , 5.571744 , 0.749350 , 82.916050 , -0.293450 , 0.026500 , 6.301100 , 1.199100 , 7.394000 , 15.299500 , -0.015000 , 999.831450 , 0.192500 , 0.007000 , 8.145500
280.437500 , 12.207000 , 9.196500 , 5.629582 , 0.748050 , 82.943900 , -0.291150 , 0.028000 , 6.305600 , 1.140050 , 7.396500 , 15.493500 , -0.010000 , 999.832450 , 0.162000 , 0.007000 , 8.230500
281.687500 , 12.411000 , 9.195100 , 5.635385 , 0.741300 , 83.083950 , -0.291700 , 0.030000 , 6.320800 , 1.095000 , 7.397500 , 15.701500 , -0.010000 , 999.833550 , 0.154000 , 0.007000 , 8.239500
283.062500 , 12.603500 , 9.193950 , 5.622554 , 0.746950 , 82.966450 , -0.288350 , 0.031000 , 6.307700 , 1.039950 , 7.397000 , 15.898000 , 0.005000 , 999.834550 , 0.138500 , 0.007000 , 8.221000
284.375000 , 12.800000 , 9.193000 , 5.569983 , 0.749800 , 82.907600 , -0.289700 , 0.028000 , 6.235600 , 0.975170 , 7.399000 , 16.098000 , -0.010000 , 999.835500 , 0.159000 , 0.007000 , 8.144000
286.250000 , 12.995000 , 9.192600 , 5.657140 , 0.749400 , 82.916200 , -0.289700 , 0.027000 , 6.113600 , 0.943590 , 7.395000 , 16.297000 , 0.000000 , 999.836600 , 0.078000 , 0.007000 , 8.272000
288.500000 , 13.197000 , 9.192000 , 5.650283 , 0.745600 , 82.994700 , -0.290900 , 0.026000 , 6.110100 , 0.890760 , 7.388000 , 16.503000 , 0.010000 , 999.837600 , 0.103000 , 0.007000 , 8.262000
290.312500 , 13.391000 , 9.190750 , 5.590240 , 0.747000 , 82.965600 , -0.288100 , 0.028000 , 6.097000 , 0.846970 , 7.392000 , 16.701000 , 0.010000 , 999.838550 , 0.117500 , 0.007000 , 8.174500
292.125000 , 13.616000 , 9.189500 , 5.624044 , 0.743600 , 83.035800 , -0.291500 , 0.026000 , 6.070200 , 0.809270 , 7.392000 , 16.930000 , -0.020000 , 999.839700 , 0.105000 , 0.007000 , 8.224000
293.812500 , 13.771500 , 9.187750 , 5.626610 , 0.745150 , 83.003900 , -0.290250 , 0.026000 , 6.092050 , 0.768840 , 7.394000 , 17.089000 , 0.030000 , 999.840650 , 0.125500 , 0.007000 , 8.228500
295.437500 , 13.998500 , 9.187250 , 5.631717 , 0.746050 , 82.984200 , -0.290250 , 0.026000 , 6.093200 , 0.730000 , 7.396000 , 17.320500 , -0.040000 , 999.841750 , 0.114000 , 0.007000 , 8.236500
