analysis/ctd/Cherry Lake June24_2014_down.txt
* Sea-Bird SBE25 Data File:
* FileName = C:\Documents and Settings\Field User\Desktop\Cherry Lake June24_2014.hex
* Software Version 1.59
* Temperature SN = 2360
* Conductivity SN = 2021
* System UpLoad Time = Jun 25 2014 07:14:28
** Cherry Lake Rim Fire June 24 2014
* ds
# nquan = 18                                
# nvalues = 5882                        
# units = specified
# name 0 = timeS: Time, Elapsed [seconds]
# name 1 = prSM: Pressure, Strain Gauge [db]
# name 2 = t090C: Temperature [ITS-90, deg C]
# name 3 = c0uS/cm: Conductivity [uS/cm]
# name 4 = bat: Beam Attenuation, Chelsea/Seatech [1/m]
# name 5 = xmiss: Beam Transmission, Chelsea/Seatech [%]
# name 6 = wetStar: Fluorescence, WET Labs WETstar [mg/m^3]
# name 7 = seaTurbMtr: Turbidity, Seapoint [FTU]
# name 8 = sbeox0Mg/L: Oxygen, SBE 43 [mg/l]
# name 9 = par: PAR/Irradiance, Biospherical/Licor
# name 10 = ph: pH
# name 11 = depFM: Depth [fresh water, m], lat = 0
# name 12 = accM: Acceleration [m/s^2], WS = 2
# name 13 = density00: Density [density, kg/m^3]
# name 14 = dz/dtM: Descent Rate [m/s], WS = 2
# name 15 = sal00: Salinity, Practical [PSU]
# name 16 = specc: Specific Conductance [uS/cm]
# span 0 =      0.000,    735.125       
# span 1 =     -0.908,     57.161       
# span 2 =     8.1808,    24.1342       
# span 3 =  -0.598243,  10.555539       
# span 4 =     0.3489,    11.4287       
# span 5 =     6.0684,    91.6521       
# span 6 =    -0.2910,    -0.2805       
# span 7 =      0.022,      0.036       
# span 8 =     4.1534,     8.1435       
# span 9 = 2.0041e-02, 4.2486e+03       
# span 10 =      5.762,     11.616      
# span 11 =     -0.926,     58.288      
# span 12 =      -0.22,       0.39      
# span 13 =   997.2611,  1000.1205      
# span 14 =     -0.277,      0.298      
# span 15 =     0.0000,     0.0134      
# span 16 =     -0.612,     11.373      
# span 17 = 0.0000e+00, 0.0000e+00      
# interval = seconds: 0.125
# start_time = Jun 24 2014 16:15:11 [Instrument's time stamp, header]
# bad_flag = -9.990e-29
*END*
[from data line 165]
323.687500 , 32.434000 , 9.174150 , 5.438534 , 0.846450 , 80.926900 , -0.285400 , 0.031000 , 7.580300 , 0.173865 , 7.759500 , 34.098500 , 0.035000 , 999.931150 , 0.209000 , 0.006900 , 7.957000
324.562500 , 32.641500 , 9.152300 , 5.459930 , 0.862850 , 80.596050 , -0.287500 , 0.028500 , 7.580200 , 0.167770 , 7.754500 , 34.310000 , 0.005000 , 999.933850 , 0.232500 , 0.006900 , 7.991500
325.375000 , 32.822000 , 9.135000 , 5.456259 , 0.861700 , 80.619700 , -0.286800 , 0.031000 , 7.588000 , 0.161950 , 7.751000 , 34.494000 , -0.020000 , 999.936000 , 0.219000 , 0.006900 , 7.994000
326.250000 , 33.013000 , 9.112100 , 5.483582 , 0.864700 , 80.559900 , -0.287800 , 0.028000 , 7.593500 , 0.157380 , 7.746000 , 34.689000 , 0.020000 , 999.938700 , 0.224000 , 0.006900 , 8.039000
327.125000 , 33.212000 , 9.087000 , 5.511293 , 0.880600 , 80.240700 , -0.287800 , 0.029000 , 7.574900 , 0.153490 , 7.742000 , 34.892000 , 0.020000 , 999.941600 , 0.239000 , 0.006900 , 8.085000
327.937500 , 33.417000 , 9.055950 , 5.517729 , 0.890450 , 80.041900 , -0.283050 , 0.031000 , 7.541650 , 0.149385 , 7.736000 , 35.101000 , -0.010000 , 999.944950 , 0.242000 , 0.006900 , 8.101000
328.750000 , 33.604000 , 9.037500 , 5.479371 , 0.894300 , 79.966600 , -0.285800 , 0.028000 , 7.550000 , 0.143400 , 7.731000 , 35.292000 , 0.000000 , 999.947200 , 0.231000 , 0.006900 , 8.048000
329.562500 , 33.789500 , 9.013800 , 5.478888 , 0.912300 , 79.607450 , -0.286800 , 0.029000 , 7.558250 , 0.138975 , 7.725500 , 35.481000 , 0.015000 , 999.949900 , 0.244500 , 0.006900 , 8.054000
330.375000 , 34.000000 , 8.994400 , 5.419727 , 0.913000 , 79.591900 , -0.285600 , 0.029000 , 7.567300 , 0.133880 , 7.722000 , 35.695000 , -0.040000 , 999.952300 , 0.233000 , 0.006800 , 7.972000
331.312500 , 34.195000 , 8.980300 , 5.534743 , 0.923950 , 79.375400 , -0.286800 , 0.026500 , 7.513050 , 0.129825 , 7.714000 , 35.894000 , -0.040000 , 999.954400 , 0.194500 , 0.006900 , 8.143000
332.375000 , 34.377000 , 8.954400 , 5.489167 , 0.940700 , 79.042000 , -0.287800 , 0.029000 , 7.518500 , 0.125280 , 7.706000 , 36.080000 , 0.040000 , 999.957200 , 0.182000 , 0.006800 , 8.084000
333.312500 , 34.578500 , 8.926700 , 5.488293 , 0.949700 , 78.865750 , -0.286600 , 0.027500 , 7.537100 , 0.121180 , 7.699500 , 36.285000 , 0.075000 , 999.960200 , 0.259500 , 0.006800 , 8.089000
334.062500 , 34.798500 , 8.894600 , 5.490547 , 0.943750 , 78.984100 , -0.284800 , 0.031000 , 7.534400 , 0.119570 , 7.698000 , 36.509500 , -0.015000 , 999.963600 , 0.274500 , 0.006800 , 8.098500
334.812500 , 34.993000 , 8.877550 , 5.461308 , 0.956900 , 78.723350 , -0.287650 , 0.027500 , 7.503650 , 0.115705 , 7.689000 , 36.708000 , -0.005000 , 999.965800 , 0.260000 , 0.006800 , 8.060000
335.562500 , 35.185000 , 8.859700 , 5.465366 , 0.959600 , 78.671000 , -0.285150 , 0.029000 , 7.528800 , 0.112110 , 7.688000 , 36.903500 , 0.020000 , 999.968000 , 0.272500 , 0.006800 , 8.071500
336.250000 , 35.385000 , 8.830800 , 5.490006 , 0.970100 , 78.464700 , -0.285600 , 0.029000 , 7.551800 , 0.109630 , 7.686000 , 37.108000 , -0.010000 , 999.971100 , 0.277000 , 0.006800 , 8.111000
336.937500 , 35.569500 , 8.811250 , 5.467918 , 0.980350 , 78.264450 , -0.284900 , 0.028500 , 7.553350 , 0.108075 , 7.682000 , 37.296000 , -0.030000 , 999.973400 , 0.257000 , 0.006750 , 8.086500
337.750000 , 35.766000 , 8.797800 , 5.413741 , 0.985800 , 78.157200 , -0.285800 , 0.029000 , 7.566700 , 0.103910 , 7.676000 , 37.496000 , -0.020000 , 999.975300 , 0.235000 , 0.006700 , 8.007000
338.625000 , 35.963000 , 8.765800 , 5.509661 , 0.997500 , 77.928900 , -0.285800 , 0.033000 , 7.558300 , 0.100440 , 7.672000 , 37.697000 , 0.010000 , 999.978600 , 0.232000 , 0.006800 , 8.159000
339.437500 , 36.159000 , 8.723450 , 5.473453 , 1.011650 , 77.654550 , -0.284450 , 0.029000 , 7.548250 , 0.097399 , 7.668500 , 37.897000 , 0.010000 , 999.982550 , 0.242000 , 0.006700 , 8.116500
340.250000 , 36.356000 , 8.694300 , 5.441526 , 1.002100 , 77.839600 , -0.287400 , 0.031000 , 7.546800 , 0.095077 , 7.664000 , 38.098000 , 0.010000 , 999.985600 , 0.249000 , 0.006700 , 8.074000
341.062500 , 36.563500 , 8.660100 , 5.474350 , 1.008750 , 77.709400 , -0.283900 , 0.031500 , 7.524600 , 0.093244 , 7.659000 , 38.309500 , 0.020000 , 999.989000 , 0.262500 , 0.006700 , 8.130000
341.750000 , 36.747000 , 8.641600 , 5.522823 , 1.008000 , 77.724300 , -0.284600 , 0.029000 , 7.541000 , 0.090725 , 7.656000 , 38.497000 , -0.020000 , 999.991200 , 0.263000 , 0.006700 , 8.210000
342.500000 , 36.944000 , 8.627300 , 5.474174 , 1.015400 , 77.581200 , -0.284200 , 0.029000 , 7.542100 , 0.087855 , 7.651000 , 38.697000 , -0.020000 , 999.993100 , 0.240000 , 0.006700 , 8.140000
343.375000 , 37.139000 , 8.604600 , 5.464173 , 1.028200 , 77.332500 , -0.284100 , 0.031000 , 7.564900 , 0.084630 , 7.643000 , 38.896000 , 0.000000 , 999.995600 , 0.232000 , 0.006700 , 8.130000
344.250000 , 37.344000 , 8.587500 , 5.497265 , 1.043500 , 77.038300 , -0.286600 , 0.028000 , 7.549800 , 0.082484 , 7.639000 , 39.105000 , -0.000000 , 999.997800 , 0.229000 , 0.006700 , 8.181000
345.062500 , 37.525500 , 8.569300 , 5.546901 , 1.044450 , 77.019800 , -0.286600 , 0.026500 , 7.527700 , 0.081156 , 7.635500 , 39.290500 , 0.030000 , 1000.000000 , 0.245000 , 0.006700 , 8.261500
345.812500 , 37.723500 , 8.539500 , 5.390099 , 1.054250 , 76.830400 , -0.285000 , 0.030500 , 7.515450 , 0.078579 , 7.630000 , 39.492000 , 0.015000 , 1000.002900 , 0.265500 , 0.006600 , 8.033000
346.562500 , 37.925500 , 8.522600 , 5.443985 , 1.065800 , 76.609750 , -0.286050 , 0.028000 , 7.511250 , 0.076409 , 7.624500 , 39.698000 , 0.010000 , 1000.005100 , 0.272000 , 0.006600 , 8.119000
347.250000 , 38.111000 , 8.496700 , 5.558565 , 1.084900 , 76.245400 , -0.285000 , 0.024000 , 7.490900 , 0.074630 , 7.622000 , 39.887000 , 0.010000 , 1000.007800 , 0.279000 , 0.006700 , 8.296000
347.937500 , 38.310500 , 8.483950 , 5.473575 , 1.082200 , 76.297000 , -0.286450 , 0.026500 , 7.506800 , 0.073659 , 7.616000 , 40.091000 , -0.010000 , 1000.009600 , 0.276500 , 0.006600 , 8.173500
348.687500 , 38.510000 , 8.456800 , 5.512275 , 1.097550 , 76.005000 , -0.285700 , 0.028000 , 7.494800 , 0.071259 , 7.611500 , 40.294500 , -0.040000 , 1000.012400 , 0.254500 , 0.006600 , 8.239000
349.562500 , 38.719500 , 8.431600 , 5.554360 , 1.115350 , 75.666200 , -0.285900 , 0.029000 , 7.446600 , 0.069128 , 7.607500 , 40.508000 , -0.025000 , 1000.015100 , 0.222000 , 0.006600 , 8.305000
350.437500 , 38.904000 , 8.423500 , 5.475813 , 1.120300 , 75.573050 , -0.283350 , 0.029000 , 7.433700 , 0.067034 , 7.601000 , 40.696000 , 0.020000 , 1000.016500 , 0.228500 , 0.006600 , 8.192000
351.250000 , 39.101000 , 8.404600 , 5.456494 , 1.141900 , 75.164700 , -0.289500 , 0.028000 , 7.438000 , 0.065459 , 7.596000 , 40.897000 , 0.010000 , 1000.018800 , 0.245000 , 0.006600 , 8.166000
352.062500 , 39.303500 , 8.393150 , 5.591359 , 1.142550 , 75.154200 , -0.285450 , 0.030500 , 7.406200 , 0.064752 , 7.589000 , 41.103500 , 0.000000 , 1000.020550 , 0.246000 , 0.006600 , 8.372500
352.812500 , 39.484000 , 8.388700 , 5.457695 , 1.144850 , 75.109150 , -0.286100 , 0.029000 , 7.375600 , 0.063092 , 7.585000 , 41.287500 , 0.010000 , 1000.021650 , 0.253000 , 0.006550 , 8.172500
353.562500 , 39.683000 , 8.386250 , 5.535977 , 1.159900 , 74.827900 , -0.287800 , 0.026000 , 7.380900 , 0.061342 , 7.582000 , 41.490500 , 0.015000 , 1000.022850 , 0.265000 , 0.006600 , 8.290000
354.312500 , 39.882000 , 8.385050 , 5.545687 , 1.171600 , 74.610150 , -0.284950 , 0.025500 , 7.385250 , 0.059817 , 7.577000 , 41.693500 , -0.010000 , 1000.023900 , 0.266500 , 0.006600 , 8.305000
355.062500 , 40.084500 , 8.379650 , 5.470068 , 1.180950 , 74.435800 , -0.283500 , 0.029000 , 7.380100 , 0.059207 , 7.575000 , 41.900000 , -0.045000 , 1000.025200 , 0.245000 , 0.006600 , 8.193000
355.937500 , 40.275500 , 8.377900 , 5.537091 , 1.184200 , 74.374800 , -0.287000 , 0.031000 , 7.363750 , 0.057609 , 7.570500 , 42.094500 , -0.025000 , 1000.026250 , 0.206000 , 0.006600 , 8.293500
356.875000 , 40.462000 , 8.375100 , 5.427263 , 1.197300 , 74.131600 , -0.285400 , 0.029000 , 7.326900 , 0.055997 , 7.561000 , 42.285000 , 0.040000 , 1000.027300 , 0.223000 , 0.006500 , 8.130000
357.687500 , 40.660000 , 8.372650 , 5.524501 , 1.203800 , 74.012250 , -0.284900 , 0.029000 , 7.294850 , 0.054552 , 7.555000 , 42.486500 , 0.015000 , 1000.028400 , 0.250000 , 0.006600 , 8.277000
358.500000 , 40.869000 , 8.368300 , 5.493609 , 1.219100 , 73.729800 , -0.286400 , 0.029000 , 7.267500 , 0.053391 , 7.554000 , 42.700000 , -0.020000 , 1000.029700 , 0.241000 , 0.006600 , 8.232000
359.375000 , 41.068000 , 8.357700 , 5.498848 , 1.223000 , 73.656700 , -0.288500 , 0.029000 , 7.244800 , 0.051866 , 7.549000 , 42.903000 , 0.010000 , 1000.031300 , 0.235000 , 0.006600 , 8.242000
360.187500 , 41.265500 , 8.351350 , 5.501757 , 1.233100 , 73.471400 , -0.287600 , 0.031000 , 7.212100 , 0.051263 , 7.548000 , 43.104000 , 0.000000 , 1000.032700 , 0.241000 , 0.006600 , 8.247500
361.000000 , 41.459000 , 8.348400 , 5.565734 , 1.232500 , 73.483200 , -0.285300 , 0.027000 , 7.201900 , 0.050672 , 7.543000 , 43.301000 , -0.000000 , 1000.033900 , 0.239000 , 0.006600 , 8.344000
361.812500 , 41.652500 , 8.345600 , 5.588293 , 1.236800 , 73.403100 , -0.284900 , 0.028500 , 7.194800 , 0.049435 , 7.538500 , 43.499000 , -0.020000 , 1000.035000 , 0.231500 , 0.006600 , 8.378500
362.687500 , 41.847000 , 8.338250 , 5.566261 , 1.252400 , 73.117600 , -0.284500 , 0.028000 , 7.171850 , 0.048522 , 7.539500 , 43.697000 , -0.010000 , 1000.036450 , 0.216000 , 0.006600 , 8.347500
363.625000 , 42.047000 , 8.331400 , 5.484679 , 1.261600 , 72.948400 , -0.286500 , 0.028000 , 7.154700 , 0.047527 , 7.534000 , 43.901000 , 0.010000 , 1000.037800 , 0.216000 , 0.006500 , 8.227000
364.500000 , 42.238000 , 8.323800 , 5.506730 , 1.265600 , 72.878000 , -0.286700 , 0.030000 , 7.113200 , 0.046610 , 7.530000 , 44.096000 , 0.010000 , 1000.039300 , 0.224000 , 0.006600 , 8.262000
365.375000 , 42.441000 , 8.322000 , 5.559998 , 1.270800 , 72.782900 , -0.285600 , 0.031000 , 7.098500 , 0.045753 , 7.526000 , 44.303000 , 0.000000 , 1000.040400 , 0.226000 , 0.006600 , 8.342000
366.250000 , 42.633000 , 8.315200 , 5.548927 , 1.282000 , 72.578200 , -0.287700 , 0.028000 , 7.082300 , 0.045052 , 7.524000 , 44.499000 , -0.000000 , 1000.041700 , 0.228000 , 0.006600 , 8.327000
367.125000 , 42.838000 , 8.313700 , 5.598954 , 1.292200 , 72.393500 , -0.286800 , 0.026000 , 7.068400 , 0.044585 , 7.518000 , 44.708000 , -0.010000 , 1000.042900 , 0.226000 , 0.006600 , 8.403000
368.000000 , 43.029000 , 8.309600 , 5.557475 , 1.303700 , 72.186300 , -0.285300 , 0.029000 , 7.021700 , 0.043811 , 7.516000 , 44.902000 , -0.010000 , 1000.044000 , 0.217000 , 0.006600 , 8.342000
368.937500 , 43.230000 , 8.301800 , 5.524001 , 1.319750 , 71.897500 , -0.285150 , 0.027000 , 6.983900 , 0.043061 , 7.513500 , 45.107500 , -0.030000 , 1000.045500 , 0.197500 , 0.006550 , 8.293500
369.937500 , 43.409000 , 8.295250 , 5.529866 , 1.330350 , 71.707000 , -0.285800 , 0.029000 , 6.971250 , 0.042280 , 7.509000 , 45.290000 , 0.040000 , 1000.046750 , 0.198500 , 0.006600 , 8.303500
370.875000 , 43.624000 , 8.291000 , 5.587825 , 1.342300 , 71.491100 , -0.286800 , 0.028000 , 6.933600 , 0.041449 , 7.504000 , 45.509000 , 0.020000 , 1000.048100 , 0.231000 , 0.006600 , 8.392000
371.750000 , 43.821000 , 8.288000 , 5.533318 , 1.339800 , 71.536000 , -0.284200 , 0.031000 , 6.912200 , 0.040648 , 7.502000 , 45.710000 , -0.000000 , 1000.049200 , 0.232000 , 0.006600 , 8.311000
372.562500 , 44.010000 , 8.279200 , 5.594502 , 1.342900 , 71.481400 , -0.288300 , 0.030000 , 6.894400 , 0.040064 , 7.502000 , 45.902500 , 0.025000 , 1000.050800 , 0.246500 , 0.006600 , 8.404500
373.312500 , 44.206500 , 8.274050 , 5.554885 , 1.371900 , 70.966100 , -0.286750 , 0.029500 , 6.891600 , 0.039412 , 7.497000 , 46.103000 , -0.005000 , 1000.052050 , 0.253500 , 0.006600 , 8.346500
374.125000 , 44.406000 , 8.266700 , 5.568574 , 1.361300 , 71.153100 , -0.287400 , 0.031000 , 6.850400 , 0.039209 , 7.497000 , 46.307000 , -0.040000 , 1000.053500 , 0.229000 , 0.006600 , 8.369000
375.000000 , 44.595000 , 8.262600 , 5.571683 , 1.371400 , 70.974400 , -0.286700 , 0.027000 , 6.818500 , 0.038536 , 7.490000 , 46.499000 , -0.020000 , 1000.054600 , 0.208000 , 0.006600 , 8.374000
376.000000 , 44.792000 , 8.260600 , 5.553383 , 1.387100 , 70.695800 , -0.287700 , 0.028000 , 6.766600 , 0.037867 , 7.489000 , 46.700000 , -0.030000 , 1000.055700 , 0.177000 , 0.006600 , 8.348000
377.187500 , 44.986500 , 8.253750 , 5.606877 , 1.394700 , 70.561150 , -0.285700 , 0.025500 , 6.701500 , 0.036983 , 7.483000 , 46.898500 , 0.010000 , 1000.057100 , 0.169500 , 0.006600 , 8.429500
378.312500 , 45.183500 , 8.253000 , 5.565720 , 1.398300 , 70.499500 , -0.285750 , 0.026500 , 6.659850 , 0.036207 , 7.474000 , 47.099500 , 0.015000 , 1000.058100 , 0.185000 , 0.006600 , 8.368500
379.312500 , 45.375500 , 8.249450 , 5.573011 , 1.409150 , 70.308200 , -0.284800 , 0.028000 , 6.633900 , 0.035640 , 7.476000 , 47.295000 , 0.020000 , 1000.059250 , 0.202500 , 0.006600 , 8.380500
380.250000 , 45.576000 , 8.248100 , 5.640724 , 1.407900 , 70.330200 , -0.286600 , 0.027000 , 6.618600 , 0.035076 , 7.474000 , 47.500000 , -0.000000 , 1000.060400 , 0.211000 , 0.006600 , 8.482000
381.187500 , 45.766500 , 8.245800 , 5.539931 , 1.422900 , 70.066550 , -0.288100 , 0.029000 , 6.574700 , 0.034626 , 7.470500 , 47.694000 , 0.015000 , 1000.061400 , 0.217000 , 0.006500 , 8.331500
382.062500 , 45.970500 , 8.243650 , 5.554042 , 1.423900 , 70.048100 , -0.286250 , 0.032000 , 6.532600 , 0.034388 , 7.470500 , 47.902000 , 0.005000 , 1000.062500 , 0.229000 , 0.006500 , 8.353000
382.937500 , 46.170500 , 8.239800 , 5.553282 , 1.433350 , 69.884150 , -0.287550 , 0.030000 , 6.495700 , 0.033845 , 7.468000 , 48.106000 , -0.045000 , 1000.063700 , 0.207000 , 0.006550 , 8.352500
384.000000 , 46.355000 , 8.236700 , 5.635617 , 1.456500 , 69.479800 , -0.286600 , 0.027000 , 6.479700 , 0.033342 , 7.466000 , 48.294000 , 0.010000 , 1000.064900 , 0.175000 , 0.006600 , 8.477000
385.000000 , 46.546000 , 8.232900 , 5.580429 , 1.462300 , 69.381300 , -0.287600 , 0.029000 , 6.470300 , 0.032865 , 7.463000 , 48.489000 , 0.060000 , 1000.065900 , 0.225000 , 0.006600 , 8.395000
385.812500 , 46.748000 , 8.231100 , 5.473007 , 1.466800 , 69.300400 , -0.286850 , 0.027000 , 6.486200 , 0.032322 , 7.461500 , 48.694500 , 0.005000 , 1000.067000 , 0.248000 , 0.006500 , 8.234000
386.625000 , 46.953000 , 8.228600 , 5.586327 , 1.471400 , 69.223000 , -0.287300 , 0.026000 , 6.458500 , 0.031994 , 7.460000 , 48.904000 , -0.010000 , 1000.068200 , 0.241000 , 0.006600 , 8.405000
387.437500 , 47.139000 , 8.225650 , 5.628543 , 1.485600 , 68.976500 , -0.285700 , 0.031000 , 6.421150 , 0.031498 , 7.458500 , 49.093500 , 0.035000 , 1000.069300 , 0.251500 , 0.006600 , 8.469500
388.187500 , 47.343000 , 8.221550 , 5.579950 , 1.497350 , 68.773550 , -0.285950 , 0.029500 , 6.433800 , 0.031290 , 7.458000 , 49.301500 , 0.025000 , 1000.070500 , 0.277000 , 0.006550 , 8.397500
388.875000 , 47.540000 , 8.218700 , 5.581687 , 1.495100 , 68.812700 , -0.282900 , 0.029000 , 6.409200 , 0.031137 , 7.458000 , 49.502000 , -0.040000 , 1000.071700 , 0.268000 , 0.006500 , 8.401000
389.625000 , 47.730000 , 8.216700 , 5.587458 , 1.502700 , 68.681800 , -0.287400 , 0.029000 , 6.417700 , 0.030734 , 7.458000 , 49.696000 , -0.050000 , 1000.072700 , 0.232000 , 0.006600 , 8.410000
390.562500 , 47.926000 , 8.214850 , 5.591201 , 1.521350 , 68.364050 , -0.287750 , 0.028500 , 6.400850 , 0.030245 , 7.454000 , 49.896000 , 0.005000 , 1000.073750 , 0.214000 , 0.006600 , 8.416000
391.500000 , 48.134000 , 8.214300 , 5.559613 , 1.514300 , 68.483100 , -0.286500 , 0.025000 , 6.338400 , 0.029877 , 7.453000 , 50.108000 , 0.000000 , 1000.074800 , 0.225000 , 0.006500 , 8.369000
