analysis/ctd/Lake Eleanor Rim Fire June 2014_down.txt
* Sea-Bird SBE25 Data File:
* FileName = C:\Documents and Settings\Field User\Desktop\Lake Eleanor Rim Fire June 2014.hex
* Software Version 1.59
* Temperature SN = 2360
* Conductivity SN = 2021
* System UpLoad Time = Jun 27 2014 08:17:34
** Lake Eleanor Rim Fire Sampling June 2014
* ds
# nquan = 18                                
# nvalues = 5344                        
# units = specified
# name 0 = timeS: Time, Elapsed [seconds]
# name 1 = prSM: Pressure, Strain Gauge [db]
# name 2 = t090C: Temperature [ITS-90, deg C]
# name 3 = c0uS/cm: Conductivity [uS/cm]
# name 4 = bat: Beam Attenuation, Chelsea/Seatech [1/m]
# name 5 = xmiss: Beam Transmission, Chelsea/Seatech [%]
# name 6 = wetStar: Fluorescence, WET Labs WETstar [mg/m^3]
# name 7 = seaTurbMtr: Turbidity, Seapoint [FTU]
# name 8 = sbeox0Mg/L: Oxygen, SBE 43 [mg/l]
# name 9 = par: PAR/Irradiance, Biospherical/Licor
# name 10 = ph: pH
# name 11 = depFM: Depth [fresh water, m], lat = 0
# name 12 = accM: Acceleration [m/s^2], WS = 2
# name 13 = density00: Density [density, kg/m^3]
# name 14 = dz/dtM: Descent Rate [m/s], WS = 2
# name 15 = sal00: Salinity, Practical [PSU]
# name 16 = specc: Specific Conductance [uS/cm]
# span 0 =      0.000,    667.875       
# span 1 =     -0.888,     57.986       
# span 2 =     4.8603,    22.1904       
# span 3 =   5.936551,   8.687575       
# span 4 =     0.7254,    13.5041       
# span 5 =     4.4493,    83.4150       
# span 6 =    -0.2946,    -0.2818       
# span 7 =      0.021,      0.035       
# span 8 =     1.7671,     8.7501       
# span 9 = 1.9987e-02, 3.8987e+03       
# span 10 =      7.106,      8.453      
# span 11 =     -0.906,     59.129      
# span 12 =      -0.11,       0.96      
# span 13 =   997.7353,  1000.2585      
# span 14 =     -0.334,      0.309      
# span 15 =     0.0054,     0.0129      
# span 16 = -1.337e-24,     11.573      
# span 17 = 0.0000e+00, 0.0000e+00      
# interval = seconds: 0.125
# start_time = Jun 25 2014 16:31:21 [Instrument's time stamp, header]
# bad_flag = -9.990e-29
*END*
133.250000 , -0.255000 , 22.142900 , 8.568869 , 0.758000 , 82.736000 , -0.287400 , 0.031000 , 5.323000 , 634.330000 , 8.307000 , 1.104000 , -0.040000 , 997.747700 , 0.221000 , 0.012900 , 9.087000
134.187500 , -0.077000 , 22.153400 , 8.613495 , 0.757300 , 82.752750 , -0.286450 , 0.027500 , 5.208650 , 686.955000 , 8.259500 , 1.285500 , 0.035000 , 997.746450 , 0.222500 , 0.012900 , 9.132500
135.062500 , 0.154000 , 22.158650 , 8.520839 , 0.758650 , 82.724100 , -0.286600 , 0.028500 , 5.152000 , 757.230000 , 8.194000 , 1.521000 , -0.005000 , 997.746250 , 0.243500 , 0.012900 , 9.033500
135.875000 , 0.332000 , 22.159300 , 8.531356 , 0.758800 , 82.721200 , -0.287500 , 0.028000 , 5.185200 , 733.510000 , 8.164000 , 1.703000 , -0.010000 , 997.746900 , 0.230000 , 0.012900 , 9.044000
136.750000 , 0.544000 , 22.147900 , 8.629860 , 0.771200 , 82.464000 , -0.286900 , 0.030000 , 5.282500 , 714.060000 , 8.110000 , 1.919000 , -0.040000 , 997.750500 , 0.211000 , 0.012900 , 9.151000
137.750000 , 0.717000 , 22.137400 , 8.539905 , 0.765300 , 82.586500 , -0.285200 , 0.029000 , 5.317900 , 701.190000 , 8.089000 , 2.095000 , 0.020000 , 997.753700 , 0.189000 , 0.012900 , 9.056000
138.750000 , 0.927000 , 22.102900 , 8.512232 , 0.766100 , 82.569500 , -0.285800 , 0.031000 , 5.182900 , 610.410000 , 8.052000 , 2.309000 , 0.030000 , 997.762100 , 0.217000 , 0.012900 , 9.035000
139.562500 , 1.105000 , 22.021950 , 8.552525 , 0.761650 , 82.661950 , -0.288750 , 0.028000 , 5.067700 , 541.680000 , 8.039500 , 2.490500 , 0.030000 , 997.781700 , 0.239000 , 0.012850 , 9.087000
140.312500 , 1.298000 , 22.012500 , 8.557384 , 0.762250 , 82.649150 , -0.288700 , 0.030000 , 5.031750 , 472.760000 , 8.028000 , 2.687500 , 0.025000 , 997.784850 , 0.261500 , 0.012850 , 9.100500
141.062500 , 1.497500 , 22.023900 , 8.558980 , 0.760300 , 82.690050 , -0.287200 , 0.028000 , 5.043950 , 443.840000 , 8.024000 , 2.891000 , 0.015000 , 997.783200 , 0.277500 , 0.012800 , 9.100500
141.812500 , 1.716000 , 22.015500 , 8.622650 , 0.762150 , 82.649800 , -0.289350 , 0.029000 , 5.056650 , 447.440000 , 8.022000 , 3.113500 , -0.020000 , 997.785950 , 0.270500 , 0.012900 , 9.171000
142.562500 , 1.903500 , 21.900400 , 8.554346 , 0.762900 , 82.636550 , -0.286400 , 0.029000 , 5.073250 , 427.440000 , 8.022000 , 3.305000 , 0.000000 , 997.812850 , 0.259500 , 0.012800 , 9.118000
143.312500 , 2.102000 , 21.683000 , 8.478165 , 0.765650 , 82.578850 , -0.286200 , 0.028000 , 5.113800 , 389.525000 , 8.024000 , 3.507500 , -0.025000 , 997.862600 , 0.254000 , 0.012700 , 9.085000
144.125000 , 2.298000 , 21.546800 , 8.501793 , 0.768700 , 82.516000 , -0.287300 , 0.026000 , 5.216100 , 411.660000 , 8.027000 , 3.707000 , -0.020000 , 997.893900 , 0.226000 , 0.012700 , 9.131000
144.937500 , 2.472500 , 21.420050 , 8.489933 , 0.776450 , 82.356800 , -0.285500 , 0.027500 , 5.304050 , 391.170000 , 8.031500 , 3.885000 , 0.035000 , 997.922700 , 0.239500 , 0.012650 , 9.140500
145.750000 , 2.683000 , 21.292000 , 8.550164 , 0.781900 , 82.243500 , -0.288800 , 0.028000 , 5.330300 , 347.890000 , 8.033000 , 4.100000 , 0.020000 , 997.951900 , 0.259000 , 0.012600 , 9.228000
146.500000 , 2.878000 , 21.258300 , 8.530153 , 0.776900 , 82.348300 , -0.288600 , 0.029000 , 5.305000 , 324.580000 , 8.036000 , 4.299000 , 0.020000 , 997.960200 , 0.272000 , 0.012600 , 9.219000
147.187500 , 3.075500 , 21.215850 , 8.391683 , 0.789300 , 82.093400 , -0.289300 , 0.028000 , 5.221450 , 326.340000 , 8.036500 , 4.500000 , -0.025000 , 997.970350 , 0.268000 , 0.012600 , 9.077500
148.000000 , 3.279000 , 21.116100 , 8.526969 , 0.780000 , 82.283700 , -0.288500 , 0.026000 , 5.160800 , 309.360000 , 8.040000 , 4.708000 , -0.030000 , 997.993100 , 0.233000 , 0.012600 , 9.249000
148.875000 , 3.467000 , 21.041000 , 8.469435 , 0.786600 , 82.149200 , -0.286300 , 0.027000 , 5.125300 , 282.050000 , 8.045000 , 4.899000 , -0.010000 , 998.010200 , 0.226000 , 0.012500 , 9.203000
149.812500 , 3.682000 , 20.973750 , 8.424736 , 0.797300 , 81.928600 , -0.284300 , 0.030500 , 5.097700 , 261.465000 , 8.045000 , 5.118500 , -0.040000 , 998.025800 , 0.191500 , 0.012500 , 9.163500
150.750000 , 3.839000 , 20.847600 , 8.399457 , 0.802700 , 81.817200 , -0.288000 , 0.027000 , 5.082400 , 235.780000 , 8.046000 , 5.279000 , 0.060000 , 998.053700 , 0.207000 , 0.012500 , 9.159000
151.562500 , 4.035000 , 20.821500 , 8.408349 , 0.806500 , 81.740350 , -0.285700 , 0.028500 , 5.161600 , 219.855000 , 8.046500 , 5.478500 , 0.065000 , 998.060100 , 0.270500 , 0.012400 , 9.174000
152.250000 , 4.244000 , 20.688200 , 8.381239 , 0.822500 , 81.413100 , -0.284800 , 0.029000 , 5.234200 , 199.730000 , 8.046000 , 5.692000 , 0.010000 , 998.089700 , 0.290000 , 0.012400 , 9.174000
152.937500 , 4.444000 , 20.652300 , 8.437898 , 0.831500 , 81.231400 , -0.285700 , 0.026000 , 5.301150 , 192.040000 , 8.046000 , 5.895500 , -0.020000 , 998.098300 , 0.281000 , 0.012400 , 9.238500
153.687500 , 4.643000 , 20.618550 , 8.368976 , 0.838850 , 81.082450 , -0.290350 , 0.028500 , 5.339450 , 177.180000 , 8.047000 , 6.098500 , 0.005000 , 998.106350 , 0.279500 , 0.012400 , 9.170000
154.375000 , 4.845000 , 20.567100 , 8.324734 , 0.847000 , 80.916400 , -0.286800 , 0.031000 , 5.352300 , 164.170000 , 8.048000 , 6.305000 , -0.000000 , 998.118200 , 0.285000 , 0.012300 , 9.134000
155.062500 , 5.035000 , 20.484750 , 8.250307 , 0.849150 , 80.873150 , -0.285400 , 0.029000 , 5.366400 , 153.865000 , 8.048000 , 6.498500 , -0.020000 , 998.136500 , 0.277500 , 0.012300 , 9.068000
155.812500 , 5.244000 , 20.406200 , 8.362682 , 0.855300 , 80.748650 , -0.287500 , 0.025000 , 5.378550 , 148.895000 , 8.048500 , 6.711500 , -0.030000 , 998.154050 , 0.253500 , 0.012300 , 9.210000
156.562500 , 5.414000 , 20.244950 , 8.380513 , 0.854100 , 80.772250 , -0.284650 , 0.028000 , 5.391250 , 143.365000 , 8.049000 , 6.884500 , 0.010000 , 998.188650 , 0.247000 , 0.012300 , 9.267500
157.375000 , 5.629000 , 19.565900 , 8.254079 , 0.866800 , 80.516200 , -0.286800 , 0.028000 , 5.471700 , 129.120000 , 8.060000 , 7.104000 , 0.020000 , 998.329000 , 0.263000 , 0.012000 , 9.253000
158.125000 , 5.827000 , 19.189700 , 8.274364 , 0.869300 , 80.465400 , -0.287600 , 0.031000 , 5.585900 , 122.330000 , 8.071000 , 7.306000 , 0.000000 , 998.405000 , 0.266000 , 0.011900 , 9.366000
158.812500 , 6.009000 , 19.064650 , 8.281591 , 0.879000 , 80.272300 , -0.286400 , 0.030500 , 5.705900 , 110.905000 , 8.073000 , 7.491500 , 0.015000 , 998.430500 , 0.278000 , 0.011900 , 9.397000
159.500000 , 6.207000 , 18.985900 , 8.090100 , 0.894200 , 79.969600 , -0.287100 , 0.031000 , 5.781800 , 105.820000 , 8.079000 , 7.693000 , -0.010000 , 998.446800 , 0.280000 , 0.011800 , 9.204000
160.250000 , 6.412000 , 18.841900 , 8.089098 , 0.890900 , 80.033500 , -0.288500 , 0.029000 , 5.841000 , 93.072000 , 8.082000 , 7.902000 , -0.040000 , 998.475800 , 0.264000 , 0.011700 , 9.224000
161.062500 , 6.619500 , 18.272850 , 8.081634 , 0.904650 , 79.758700 , -0.285450 , 0.027000 , 5.894300 , 89.339000 , 8.096000 , 8.114000 , -0.020000 , 998.585300 , 0.237500 , 0.011600 , 9.349500
161.875000 , 6.797000 , 17.784700 , 7.879946 , 0.920000 , 79.453400 , -0.285800 , 0.029000 , 5.934100 , 78.099000 , 8.120000 , 8.295000 , 0.020000 , 998.676500 , 0.242000 , 0.011300 , 9.208000
162.687500 , 7.014000 , 16.498250 , 7.929432 , 0.921000 , 79.432850 , -0.284150 , 0.028500 , 5.987600 , 72.157000 , 8.155500 , 8.516500 , 0.000000 , 998.903000 , 0.252500 , 0.010950 , 9.560500
163.437500 , 7.189000 , 15.941250 , 7.610373 , 0.935250 , 79.150450 , -0.287700 , 0.027000 , 6.036000 , 65.847500 , 8.184500 , 8.694500 , 0.010000 , 998.995500 , 0.256500 , 0.010650 , 9.293000
164.187500 , 7.399000 , 15.439750 , 7.387327 , 0.941950 , 79.017950 , -0.288850 , 0.027500 , 6.150300 , 62.321000 , 8.206500 , 8.909000 , 0.020000 , 999.076050 , 0.270500 , 0.010300 , 9.136000
164.875000 , 7.576000 , 15.294000 , 7.313245 , 0.944500 , 78.968600 , -0.288000 , 0.026000 , 6.290700 , 58.581000 , 8.219000 , 9.089000 , 0.020000 , 999.099500 , 0.287000 , 0.010300 , 9.070000
165.500000 , 7.772000 , 15.255800 , 7.184245 , 0.954500 , 78.772200 , -0.286700 , 0.029000 , 6.451900 , 55.251000 , 8.230000 , 9.289000 , 0.030000 , 999.106200 , 0.306000 , 0.010200 , 8.922000
166.125000 , 7.966000 , 15.175100 , 7.123112 , 0.965900 , 78.546800 , -0.288600 , 0.029000 , 6.438700 , 51.702000 , 8.241000 , 9.487000 , -0.050000 , 999.119500 , 0.295000 , 0.010100 , 8.864000
166.875000 , 8.173000 , 14.963800 , 7.001607 , 0.971800 , 78.431600 , -0.287600 , 0.028000 , 6.582800 , 49.551000 , 8.253000 , 9.698000 , -0.050000 , 999.152400 , 0.250000 , 0.010000 , 8.759000
167.750000 , 8.371000 , 14.574000 , 6.996719 , 0.984800 , 78.177200 , -0.286500 , 0.029000 , 6.765100 , 46.195000 , 8.271000 , 9.900000 , 0.000000 , 999.211000 , 0.234000 , 0.009900 , 8.839000
168.562500 , 8.564500 , 14.054200 , 7.070526 , 0.980750 , 78.255650 , -0.286850 , 0.029000 , 7.251800 , 42.598500 , 8.287500 , 10.097500 , 0.020000 , 999.286150 , 0.246500 , 0.009700 , 9.037000
169.312500 , 8.758000 , 13.277000 , 6.901499 , 0.997250 , 77.933500 , -0.287750 , 0.028500 , 7.512700 , 40.388500 , 8.302000 , 10.294500 , 0.000000 , 999.391650 , 0.249000 , 0.009350 , 9.014500
170.125000 , 8.952000 , 12.877900 , 6.997301 , 1.008800 , 77.708500 , -0.288500 , 0.029000 , 7.475800 , 36.847000 , 8.308000 , 10.492000 , 0.000000 , 999.443300 , 0.248000 , 0.009200 , 9.227000
170.937500 , 9.164000 , 11.952500 , 6.952078 , 1.003150 , 77.818900 , -0.288900 , 0.028000 , 7.552650 , 35.355500 , 8.314000 , 10.708500 , -0.010000 , 999.555000 , 0.246000 , 0.008900 , 9.406500
171.750000 , 9.346000 , 11.621700 , 6.846182 , 1.008500 , 77.716000 , -0.288300 , 0.029000 , 7.638900 , 32.148000 , 8.313000 , 10.894000 , -0.010000 , 999.592700 , 0.235000 , 0.008700 , 9.346000
172.625000 , 9.566000 , 11.075900 , 6.858758 , 1.000400 , 77.872700 , -0.286600 , 0.026000 , 8.066900 , 31.176000 , 8.303000 , 11.119000 , -0.040000 , 999.651500 , 0.215000 , 0.008500 , 9.505000
173.625000 , 9.741000 , 10.737200 , 6.838138 , 0.985900 , 78.154800 , -0.289500 , 0.029000 , 8.523800 , 28.236000 , 8.297000 , 11.297000 , -0.040000 , 999.686200 , 0.164000 , 0.008300 , 9.552000
174.750000 , 9.913000 , 10.317700 , 6.983987 , 0.989300 , 78.090700 , -0.285100 , 0.028000 , 8.418900 , 27.122000 , 8.287000 , 11.472000 , 0.090000 , 999.726900 , 0.195000 , 0.008200 , 9.886000
175.625000 , 10.135000 , 9.914800 , 6.789749 , 0.969900 , 78.468900 , -0.289900 , 0.029000 , 8.442700 , 25.274000 , 8.276000 , 11.699000 , 0.040000 , 999.764100 , 0.275000 , 0.008000 , 9.723000
176.312500 , 10.338500 , 9.746650 , 6.934967 , 0.950100 , 78.858100 , -0.285050 , 0.028500 , 8.307100 , 25.187000 , 8.268000 , 11.906500 , -0.030000 , 999.779650 , 0.265000 , 0.007950 , 9.983500
177.062500 , 10.511500 , 9.643100 , 6.787717 , 0.922500 , 79.403550 , -0.288300 , 0.028000 , 8.200300 , 23.335000 , 8.251500 , 12.083000 , -0.010000 , 999.789000 , 0.252500 , 0.007850 , 9.795500
177.937500 , 10.743500 , 9.384950 , 6.898493 , 0.877350 , 80.304350 , -0.287200 , 0.027500 , 7.772200 , 23.152500 , 8.241500 , 12.319500 , -0.050000 , 999.811300 , 0.217500 , 0.007800 , 10.031000
178.875000 , 10.912000 , 9.228700 , 6.755641 , 0.838400 , 81.091300 , -0.287900 , 0.027000 , 8.156200 , 20.991000 , 8.224000 , 12.491000 , 0.020000 , 999.824200 , 0.214000 , 0.007600 , 9.898000
179.875000 , 11.145000 , 9.013500 , 6.880967 , 0.825000 , 81.362300 , -0.286800 , 0.030000 , 8.538500 , 20.543000 , 8.210000 , 12.729000 , -0.040000 , 999.841900 , 0.192000 , 0.007600 , 10.099000
181.000000 , 11.336000 , 8.775800 , 6.855950 , 0.797900 , 81.916200 , -0.286500 , 0.027000 , 8.509300 , 18.985000 , 8.187000 , 12.924000 , -0.010000 , 999.860400 , 0.162000 , 0.007500 , 10.133000
182.062500 , 11.488500 , 8.748200 , 6.711392 , 0.760400 , 82.688700 , -0.288150 , 0.029000 , 8.368650 , 17.221000 , 8.159500 , 13.079000 , 0.035000 , 999.862700 , 0.189500 , 0.007400 , 9.954500
183.125000 , 11.718000 , 8.633100 , 6.921334 , 0.750400 , 82.895300 , -0.287700 , 0.028000 , 8.108000 , 16.730000 , 8.144000 , 13.313000 , -0.010000 , 999.871900 , 0.198000 , 0.007500 , 10.279000
184.125000 , 11.921000 , 8.502800 , 6.700268 , 0.737700 , 83.157200 , -0.288500 , 0.028000 , 8.144700 , 15.466000 , 8.126000 , 13.520000 , -0.010000 , 999.881800 , 0.199000 , 0.007300 , 9.999000
185.062500 , 12.082000 , 8.461850 , 6.681648 , 0.742600 , 83.056350 , -0.287800 , 0.027000 , 7.791500 , 14.498000 , 8.110000 , 13.684000 , 0.035000 , 999.885250 , 0.202000 , 0.007300 , 9.982000
185.937500 , 12.297500 , 8.371600 , 6.770214 , 0.741350 , 83.082500 , -0.286800 , 0.026500 , 8.234250 , 13.789000 , 8.095000 , 13.904000 , 0.005000 , 999.892400 , 0.231000 , 0.007300 , 10.143000
186.812500 , 12.479000 , 8.339300 , 6.704157 , 0.747950 , 82.945750 , -0.286900 , 0.029500 , 8.574000 , 12.900500 , 8.080000 , 14.089000 , 0.000000 , 999.895350 , 0.226000 , 0.007250 , 10.054000
187.750000 , 12.709000 , 8.264000 , 6.572045 , 0.731100 , 83.294000 , -0.285800 , 0.029000 , 8.563800 , 12.007000 , 8.068000 , 14.324000 , -0.030000 , 999.901300 , 0.216000 , 0.007100 , 9.871000
188.687500 , 12.882000 , 8.184100 , 6.823538 , 0.728450 , 83.350050 , -0.288600 , 0.030000 , 8.461300 , 11.579000 , 8.052000 , 14.500000 , 0.045000 , 999.907400 , 0.208000 , 0.007250 , 10.282000
189.562500 , 13.092500 , 8.125650 , 6.542657 , 0.733050 , 83.255300 , -0.290700 , 0.028000 , 8.652300 , 10.919000 , 8.037000 , 14.714500 , 0.000000 , 999.911900 , 0.237000 , 0.007050 , 9.871000
190.375000 , 13.276000 , 8.049200 , 6.725174 , 0.730300 , 83.311400 , -0.286600 , 0.029000 , 8.521100 , 10.445000 , 8.024000 , 14.902000 , -0.000000 , 999.917500 , 0.231000 , 0.007100 , 10.172000
191.187500 , 13.471500 , 7.909700 , 6.621085 , 0.734800 , 83.217850 , -0.288250 , 0.026500 , 8.407600 , 9.910850 , 8.010500 , 15.101000 , 0.000000 , 999.926850 , 0.236500 , 0.007000 , 10.060500
192.000000 , 13.656000 , 7.788300 , 6.802588 , 0.736000 , 83.192600 , -0.286800 , 0.027000 , 8.062000 , 9.399300 , 7.998000 , 15.289000 , 0.000000 , 999.934600 , 0.236000 , 0.007100 , 10.369000
192.812500 , 13.862000 , 7.678950 , 6.663470 , 0.735500 , 83.205450 , -0.287750 , 0.031000 , 8.072200 , 8.867000 , 7.988000 , 15.499500 , 0.000000 , 999.942100 , 0.242000 , 0.006900 , 10.195000
193.625000 , 14.044000 , 7.627500 , 6.724207 , 0.734600 , 83.222500 , -0.286400 , 0.029000 , 8.158600 , 8.328300 , 7.977000 , 15.685000 , -0.000000 , 999.945600 , 0.240000 , 0.006900 , 10.302000
194.437500 , 14.253000 , 7.571750 , 6.648676 , 0.736650 , 83.179700 , -0.286050 , 0.029000 , 8.103500 , 8.028350 , 7.964000 , 15.898000 , 0.000000 , 999.949900 , 0.246000 , 0.006900 , 10.206500
195.250000 , 14.438000 , 7.529500 , 6.628893 , 0.737100 , 83.171800 , -0.286800 , 0.026000 , 7.952000 , 7.564100 , 7.952000 , 16.087000 , 0.010000 , 999.953100 , 0.249000 , 0.006900 , 10.185000
196.062500 , 14.661500 , 7.501500 , 6.615638 , 0.745050 , 83.005550 , -0.286650 , 0.029000 , 8.033350 , 7.329650 , 7.943500 , 16.314500 , 0.010000 , 999.955700 , 0.260000 , 0.006800 , 10.176500
196.812500 , 14.842500 , 7.478600 , 6.632815 , 0.760550 , 82.685650 , -0.289400 , 0.028000 , 8.201650 , 6.900950 , 7.927000 , 16.499000 , 0.010000 , 999.957800 , 0.265500 , 0.006800 , 10.210500
197.500000 , 15.043000 , 7.434000 , 6.500950 , 0.754800 , 82.803300 , -0.289500 , 0.029000 , 8.190800 , 6.634500 , 7.923000 , 16.704000 , 0.000000 , 999.961000 , 0.269000 , 0.006700 , 10.019000
198.250000 , 15.235000 , 7.385800 , 6.607305 , 0.750400 , 82.895200 , -0.287400 , 0.029000 , 8.219300 , 6.428900 , 7.910000 , 16.899000 , -0.010000 , 999.964500 , 0.257000 , 0.006800 , 10.202000
199.000000 , 15.426000 , 7.360000 , 6.569838 , 0.754000 , 82.820300 , -0.287300 , 0.030000 , 8.334400 , 6.043700 , 7.901000 , 17.094000 , -0.030000 , 999.966800 , 0.247000 , 0.006700 , 10.151000
199.875000 , 15.626000 , 7.321900 , 6.653218 , 0.760900 , 82.678100 , -0.288900 , 0.027000 , 8.163100 , 5.993100 , 7.887000 , 17.298000 , -0.040000 , 999.969800 , 0.206000 , 0.006800 , 10.287000
