analysis/ctd/Lake Eleanor Sept14_down.txt
* Sea-Bird SBE19plus Data File:
* FileName = C:\Documents and Settings\Field User\Desktop\Lake Eleanor Sept14.hex
* Software Version 1.59
* Temperature SN =  4558
* Conductivity SN =  4558
* System UpLoad Time = Sep 17 2014 16:46:56
** Lake Eleanor Rim Fire sampling Sept 2014
* ds
# nquan = 16                                
# nvalues = 2095                        
# units = specified
# name 0 = timeS: Time, Elapsed [seconds]
# name 1 = prdM: Pressure, Strain Gauge [db]
# name 2 = tv290C: Temperature [ITS-90, deg C]
# name 3 = c0uS/cm: Conductivity [uS/cm]
# name 4 = CStarAt0: Beam Attenuation, WET Labs C-Star [1/m]
# name 5 = CStarTr0: Beam Transmission, WET Labs C-Star [%]
# name 6 = chloroflTC0: Chlorophyll, Turner Cyclops [ug/l]
# name 7 = seaTurbMtr: Turbidity, Seapoint [FTU]
# name 8 = sbeox0Mg/L: Oxygen, SBE 43 [mg/l]
# name 9 = depFM: Depth [fresh water, m], lat = 0
# name 10 = accM: Acceleration [m/s^2], WS = 2
# name 11 = density00: Density [density, kg/m^3]
# name 12 = dz/dtM: Descent Rate [m/s], WS = 2
# name 13 = sal00: Salinity, Practical [PSU]
# name 14 = specc: Specific Conductance [uS/cm]
# name 15 = flag: flag
# span 0 =      0.000,    523.500       
# span 1 =     -1.573,     55.938       
# span 2 =     4.9235,    30.2269       
# span 3 =  -0.107505,  17.166574       
# span 4 =     0.5037,    16.6121       
# span 5 =     4.3324,    88.1682       
# span 6 =     0.0000,    11.5496       
# span 7 =      0.000,      4.328       
# span 8 =     0.4741,    10.4200       
# span 9 =     -1.604,     57.041       
# span 10 =      -0.17,       0.08      
# span 11 =   995.5732,  1000.2484      
# span 12 =     -0.407,      0.274      
# span 13 =     0.0000,     0.0164      
# span 14 =     -0.097,     17.793      
# span 15 = 0.0000e+00, 0.0000e+00      
# interval = seconds: 0.25
# start_time = Sep 11 2014 16:13:35 [Instrument's time stamp, header]
# bad_flag = -9.990e-29
*END*
[from data line 263]
332.625000 , 51.065500 , 4.950200 , 7.970065 , 1.452850 , 69.544900 , 1.973450 , 0.436000 , 1.989550 , 53.710000 , 0.000000 , 1000.223750 , 0.235500 , 0.006550 , 13.305000 , 0.000000
333.500000 , 51.271000 , 4.951400 , 7.993760 , 1.477800 , 69.112900 , 1.959400 , 0.488000 , 1.940500 , 53.920000 , 0.000000 , 1000.224800 , 0.238000 , 0.006600 , 13.344000 , 0.000000
334.250000 , 51.452000 , 4.952200 , 7.991711 , 1.514600 , 68.482200 , 1.957300 , 0.520000 , 1.899200 , 54.104000 , 0.010000 , 1000.225700 , 0.242000 , 0.006600 , 13.340000 , 0.000000
335.000000 , 51.634000 , 4.951300 , 7.996822 , 1.552100 , 67.843100 , 1.967100 , 0.540000 , 1.857500 , 54.290000 , 0.010000 , 1000.226600 , 0.246000 , 0.006600 , 13.349000 , 0.000000
335.750000 , 51.822000 , 4.950500 , 7.997133 , 1.595100 , 67.119800 , 1.970800 , 0.560000 , 1.817200 , 54.482000 , 0.000000 , 1000.227500 , 0.250000 , 0.006600 , 13.350000 , 0.000000
336.500000 , 52.010000 , 4.950500 , 8.028356 , 1.651100 , 66.185600 , 1.965900 , 0.574000 , 1.782800 , 54.673000 , -0.000000 , 1000.228500 , 0.250000 , 0.006600 , 13.402000 , 0.000000
337.375000 , 52.228500 , 4.951000 , 8.006867 , 1.700550 , 65.372100 , 1.956450 , 0.594500 , 1.746950 , 54.896000 , 0.000000 , 1000.229550 , 0.248000 , 0.006600 , 13.366500 , 0.000000
338.250000 , 52.444000 , 4.951000 , 8.006749 , 1.755600 , 64.478500 , 1.950600 , 0.611000 , 1.713200 , 55.116000 , -0.000000 , 1000.230600 , 0.244000 , 0.006600 , 13.366000 , 0.000000
339.000000 , 52.626000 , 4.950600 , 8.017825 , 1.802400 , 63.727600 , 1.952700 , 0.619000 , 1.678000 , 55.302000 , -0.000000 , 1000.231500 , 0.241000 , 0.006600 , 13.385000 , 0.000000
339.750000 , 52.806000 , 4.949100 , 8.009952 , 1.841700 , 63.103600 , 1.953100 , 0.648000 , 1.631900 , 55.485000 , -0.000000 , 1000.232400 , 0.239000 , 0.006600 , 13.372000 , 0.000000
340.625000 , 53.014500 , 4.948000 , 8.052172 , 1.870450 , 62.650600 , 1.929850 , 0.671000 , 1.567600 , 55.698000 , 0.000000 , 1000.233450 , 0.239000 , 0.006600 , 13.443000 , 0.000000
341.500000 , 53.224000 , 4.948200 , 8.124504 , 1.898300 , 62.215500 , 1.929700 , 0.689000 , 1.494600 , 55.911000 , 0.000000 , 1000.234500 , 0.239000 , 0.006600 , 13.564000 , 0.000000
342.250000 , 53.402000 , 4.948600 , 8.160863 , 1.925700 , 61.792200 , 1.945100 , 0.730000 , 1.421400 , 56.093000 , 0.000000 , 1000.235400 , 0.239000 , 0.006700 , 13.624000 , 0.000000
343.125000 , 53.612500 , 4.947050 , 8.159769 , 1.978050 , 60.993100 , 1.950900 , 0.768500 , 1.332550 , 56.307500 , 0.000000 , 1000.236450 , 0.236500 , 0.006700 , 13.623000 , 0.000000
344.000000 , 53.816000 , 4.942300 , 8.178274 , 2.065500 , 59.677400 , 1.934700 , 0.788000 , 1.242300 , 56.515000 , -0.000000 , 1000.237600 , 0.233000 , 0.006700 , 13.655000 , 0.000000
344.750000 , 53.991000 , 4.938400 , 8.150403 , 2.138000 , 58.602600 , 1.942400 , 0.786000 , 1.158900 , 56.693000 , 0.000000 , 1000.238500 , 0.231000 , 0.006700 , 13.611000 , 0.000000
345.625000 , 54.192000 , 4.935600 , 8.151735 , 2.188350 , 57.866650 , 1.929250 , 0.783000 , 1.057600 , 56.898500 , 0.000000 , 1000.239500 , 0.232500 , 0.006700 , 13.615000 , 0.000000
346.500000 , 54.397000 , 4.933000 , 8.193180 , 2.229400 , 57.276800 , 1.931400 , 0.808000 , 0.965000 , 57.107000 , -0.000000 , 1000.240600 , 0.236000 , 0.006700 , 13.685000 , 0.000000
347.250000 , 54.577000 , 4.930700 , 8.209987 , 2.287700 , 56.448800 , 1.952600 , 0.839000 , 0.889100 , 57.291000 , 0.000000 , 1000.241500 , 0.236000 , 0.006700 , 13.714000 , 0.000000
348.125000 , 54.780500 , 4.930150 , 8.221029 , 2.344750 , 55.650450 , 2.014950 , 0.876500 , 0.789850 , 57.498500 , 0.000000 , 1000.242550 , 0.236000 , 0.006700 , 13.733500 , 0.000000
349.000000 , 54.990000 , 4.929600 , 8.245585 , 2.414500 , 54.689900 , 1.979000 , 0.916000 , 0.689900 , 57.712000 , -0.010000 , 1000.243600 , 0.233000 , 0.006700 , 13.774000 , 0.000000
349.750000 , 55.160000 , 4.927500 , 8.259070 , 2.496400 , 53.585700 , 1.936300 , 0.986000 , 0.617500 , 57.886000 , -0.010000 , 1000.244400 , 0.227000 , 0.006700 , 13.798000 , 0.000000
350.625000 , 55.356500 , 4.925350 , 8.267917 , 2.595700 , 52.273850 , 1.924550 , 1.034000 , 0.557050 , 58.086000 , -0.010000 , 1000.245450 , 0.218500 , 0.006700 , 13.814000 , 0.000000
351.625000 , 55.569500 , 4.924400 , 8.290816 , 2.713300 , 50.755350 , 1.945050 , 1.066000 , 0.511050 , 58.303000 , -0.020000 , 1000.246500 , 0.204500 , 0.006800 , 13.852500 , 0.000000
352.625000 , 55.761500 , 4.923800 , 8.332287 , 2.807700 , 49.572400 , 1.960150 , 1.102500 , 0.483200 , 58.499000 , -0.045000 , 1000.247500 , 0.170500 , 0.006800 , 13.922000 , 0.000000
