analysis/ctd/Lake Eleanor_Rimfire_down.txt
* Sea-Bird SBE25 Data File:
* FileName = C:\Documents and Settings\Field User\Desktop\Lake Eleanor_Rimfire.hex
* Software Version 1.59
* Temperature SN = 2360
* Conductivity SN = 2021
* System UpLoad Time = Apr 03 2014 16:39:24
** Lake Eleanor Rim Fire Project spring sampling event
* ds
# nquan = 18                                
# nvalues = 5290                        
# units = specified
# name 0 = timeS: Time, Elapsed [seconds]
# name 1 = prSM: Pressure, Strain Gauge [db]
# name 2 = t090C: Temperature [ITS-90, deg C]
# name 3 = c0uS/cm: Conductivity [uS/cm]
# name 4 = bat: Beam Attenuation, Chelsea/Seatech [1/m]
# name 5 = xmiss: Beam Transmission, Chelsea/Seatech [%]
# name 6 = wetStar: Fluorescence, WET Labs WETstar [mg/m^3]
# name 7 = seaTurbMtr: Turbidity, Seapoint [FTU]
# name 8 = sbeox0Mg/L: Oxygen, SBE 43 [mg/l]
# name 9 = par: PAR/Irradiance, Biospherical/Licor
# name 10 = ph: pH
# name 11 = depFM: Depth [fresh water, m], lat = 0
# name 12 = accM: Acceleration [m/s^2], WS = 2
# name 13 = density00: Density [density, kg/m^3]
# name 14 = dz/dtM: Descent Rate [m/s], WS = 2
# name 15 = sal00: Salinity, Practical [PSU]
# name 16 = specc: Specific Conductance [uS/cm]
# span 0 =      0.000,    661.125       
# span 1 =     -2.497,     50.515       
# span 2 =     4.7228,     9.2079       
# span 3 =  -0.384258,  19.486784       
# span 4 =     0.3967,    11.0880       
# span 5 =     6.7873,    90.6953       
# span 6 =    -0.2973,    -0.2805       
# span 7 =      0.021,      0.034       
# span 8 =     2.9894,     8.1034       
# span 9 = 1.9987e-02, 1.2237e+03       
# span 10 =      5.198,      7.978      
# span 11 =     -2.546,     51.511      
# span 12 =      -0.30,       0.59      
# span 13 =   999.7626,  1000.2235      
# span 14 =     -0.422,      0.259      
# span 15 =     0.0000,     0.0151      
# span 16 =     -0.633,     29.322      
# span 17 = 0.0000e+00, 0.0000e+00      
# interval = seconds: 0.125
# start_time = Apr 02 2014 16:50:30 [Instrument's time stamp, header]
# bad_flag = -9.990e-29
*END*
[from data line 165]
375.125000 , 30.649000 , 5.596100 , 6.091604 , 0.885300 , 80.143200 , -0.287600 , 0.028000 , 5.652400 , 0.043388 , 6.909000 , 34.091500 , 0.020000 , 1000.109000 , 0.173000 , 0.005600 , 9.953000
376.250000 , 30.857000 , 5.565400 , 6.147495 , 0.896200 , 79.927300 , -0.288300 , 0.028000 , 5.628400 , 0.041749 , 6.908000 , 34.303500 , -0.020000 , 1000.110800 , 0.171000 , 0.005600 , 10.058000
377.437500 , 31.041500 , 5.515350 , 6.148874 , 0.902700 , 79.797500 , -0.289850 , 0.027000 , 5.627550 , 0.040245 , 6.901500 , 34.492000 , 0.015000 , 1000.113000 , 0.161000 , 0.005600 , 10.075500
378.562500 , 31.237500 , 5.502100 , 6.147989 , 0.913050 , 79.591700 , -0.289600 , 0.025500 , 5.629600 , 0.038958 , 6.895500 , 34.692000 , 0.020000 , 1000.114250 , 0.187000 , 0.005600 , 10.077500
379.625000 , 31.442000 , 5.497000 , 6.119938 , 0.922500 , 79.404900 , -0.290100 , 0.028000 , 5.615900 , 0.037786 , 6.897000 , 34.900500 , -0.000000 , 1000.115400 , 0.193000 , 0.005600 , 10.033000
380.687500 , 31.647500 , 5.489650 , 6.130183 , 0.926250 , 79.330850 , -0.289950 , 0.025000 , 5.613800 , 0.036649 , 6.895000 , 35.110000 , 0.010000 , 1000.116600 , 0.199500 , 0.005600 , 10.052000
381.625000 , 31.842000 , 5.482100 , 6.120330 , 0.939400 , 79.070000 , -0.289400 , 0.028000 , 5.613500 , 0.035712 , 6.892000 , 35.308500 , 0.010000 , 1000.117700 , 0.211000 , 0.005600 , 10.039000
382.562500 , 32.042000 , 5.479300 , 6.171914 , 0.944400 , 78.969850 , -0.290500 , 0.025500 , 5.609400 , 0.034574 , 6.891500 , 35.512000 , -0.025000 , 1000.118850 , 0.196000 , 0.005600 , 10.124000
383.562500 , 32.214500 , 5.478500 , 6.192730 , 0.960200 , 78.659700 , -0.290150 , 0.029000 , 5.620400 , 0.033607 , 6.892500 , 35.688000 , 0.020000 , 1000.119650 , 0.189500 , 0.005600 , 10.159000
384.562500 , 32.428000 , 5.476500 , 6.122511 , 0.953900 , 78.782950 , -0.289800 , 0.028000 , 5.592400 , 0.032586 , 6.891500 , 35.906000 , -0.035000 , 1000.120750 , 0.191500 , 0.005600 , 10.044500
385.750000 , 32.615000 , 5.462400 , 6.133260 , 0.950000 , 78.860600 , -0.286900 , 0.026000 , 5.599700 , 0.031529 , 6.889000 , 36.096500 , 0.030000 , 1000.122000 , 0.164000 , 0.005600 , 10.064000
386.812500 , 32.824000 , 5.422900 , 6.155540 , 0.956500 , 78.732450 , -0.288950 , 0.029500 , 5.592650 , 0.030694 , 6.886000 , 36.309500 , 0.055000 , 1000.123950 , 0.232500 , 0.005600 , 10.112500
387.562500 , 33.011000 , 5.392200 , 6.180120 , 0.965250 , 78.559850 , -0.287250 , 0.025500 , 5.592550 , 0.029957 , 6.885500 , 36.500500 , -0.010000 , 1000.125600 , 0.243500 , 0.005600 , 10.166500
388.375000 , 33.204000 , 5.357800 , 6.125646 , 0.971600 , 78.434800 , -0.287100 , 0.026000 , 5.593800 , 0.029129 , 6.880000 , 36.697500 , -0.020000 , 1000.127300 , 0.233000 , 0.005500 , 10.081000
389.250000 , 33.403000 , 5.316100 , 6.113931 , 0.967600 , 78.514700 , -0.287100 , 0.026000 , 5.572400 , 0.028556 , 6.874000 , 36.900500 , -0.000000 , 1000.129200 , 0.222000 , 0.005500 , 10.083000
390.125000 , 33.595000 , 5.276500 , 6.154713 , 0.975900 , 78.351900 , -0.288600 , 0.028000 , 5.558700 , 0.028188 , 6.862000 , 37.095500 , 0.000000 , 1000.131000 , 0.223000 , 0.005500 , 10.166000
391.000000 , 33.789000 , 5.267100 , 6.128236 , 0.992000 , 78.035700 , -0.289300 , 0.028000 , 5.566000 , 0.027568 , 6.859000 , 37.293500 , -0.000000 , 1000.132100 , 0.228000 , 0.005500 , 10.123000
391.875000 , 33.993000 , 5.261100 , 6.143695 , 1.027600 , 77.344600 , -0.288500 , 0.024000 , 5.581500 , 0.026839 , 6.856000 , 37.501500 , -0.020000 , 1000.133200 , 0.221000 , 0.005500 , 10.152000
392.750000 , 34.175000 , 5.253400 , 6.032903 , 1.042000 , 77.066500 , -0.288300 , 0.026000 , 5.555500 , 0.026226 , 6.853000 , 37.687500 , -0.010000 , 1000.134200 , 0.210000 , 0.005400 , 9.972000
393.750000 , 34.386000 , 5.242100 , 6.087060 , 1.049100 , 76.928100 , -0.289700 , 0.028000 , 5.530100 , 0.025542 , 6.850000 , 37.902500 , -0.020000 , 1000.135500 , 0.197000 , 0.005400 , 10.063000
394.812500 , 34.584500 , 5.234750 , 6.050592 , 1.039800 , 77.109450 , -0.289850 , 0.027500 , 5.518600 , 0.024888 , 6.842000 , 38.105000 , 0.000000 , 1000.136650 , 0.185500 , 0.005400 , 10.005000
395.812500 , 34.767000 , 5.228550 , 6.114005 , 1.029350 , 77.311900 , -0.291200 , 0.028000 , 5.488350 , 0.024246 , 6.837000 , 38.291000 , 0.050000 , 1000.137700 , 0.215500 , 0.005450 , 10.113500
396.687500 , 34.987000 , 5.215750 , 6.186716 , 1.044300 , 77.022450 , -0.286950 , 0.024000 , 5.487250 , 0.023751 , 6.837000 , 38.515000 , 0.000000 , 1000.139100 , 0.244000 , 0.005500 , 10.237000
397.500000 , 35.179000 , 5.215700 , 6.159828 , 1.065000 , 76.624300 , -0.291200 , 0.028000 , 5.486000 , 0.023287 , 6.838000 , 38.711500 , -0.030000 , 1000.140000 , 0.222000 , 0.005500 , 10.193000
398.375000 , 35.361000 , 5.217600 , 6.138048 , 1.083900 , 76.262900 , -0.290700 , 0.028000 , 5.465200 , 0.022758 , 6.838000 , 38.896500 , -0.000000 , 1000.140800 , 0.208000 , 0.005500 , 10.156000
399.312500 , 35.555500 , 5.208050 , 6.055736 , 1.089100 , 76.166100 , -0.288000 , 0.027000 , 5.454900 , 0.022216 , 6.837000 , 39.095000 , -0.010000 , 1000.141900 , 0.196500 , 0.005400 , 10.021500
400.312500 , 35.739500 , 5.203200 , 6.127196 , 1.102100 , 75.917600 , -0.288050 , 0.030000 , 5.430800 , 0.021740 , 6.837000 , 39.282500 , 0.010000 , 1000.142950 , 0.200000 , 0.005400 , 10.142000
401.312500 , 35.954500 , 5.203250 , 6.120236 , 1.098550 , 75.984150 , -0.290350 , 0.028500 , 5.413700 , 0.021262 , 6.837000 , 39.502000 , 0.005000 , 1000.144000 , 0.213000 , 0.005450 , 10.131000
402.250000 , 36.158000 , 5.206400 , 6.100107 , 1.092800 , 76.094500 , -0.290200 , 0.027000 , 5.382600 , 0.020926 , 6.837000 , 39.709500 , 0.010000 , 1000.144900 , 0.219000 , 0.005400 , 10.096000
403.125000 , 36.349000 , 5.209700 , 6.119817 , 1.097000 , 76.013500 , -0.288300 , 0.028000 , 5.356000 , 0.020653 , 6.830000 , 39.904500 , 0.020000 , 1000.145800 , 0.226000 , 0.005400 , 10.129000
403.937500 , 36.539500 , 5.206250 , 6.160459 , 1.104800 , 75.866050 , -0.291000 , 0.027500 , 5.335200 , 0.020359 , 6.832500 , 40.098500 , 0.005000 , 1000.146900 , 0.240000 , 0.005500 , 10.197500
404.750000 , 36.740000 , 5.189500 , 6.133647 , 1.102100 , 75.916800 , -0.290800 , 0.027000 , 5.319400 , 0.020107 , 6.833000 , 40.302500 , -0.030000 , 1000.148100 , 0.228000 , 0.005400 , 10.157000
405.687500 , 36.938000 , 5.180050 , 6.123931 , 1.107150 , 75.821100 , -0.289500 , 0.028500 , 5.309500 , 0.020050 , 6.835000 , 40.505000 , -0.015000 , 1000.149300 , 0.201500 , 0.005400 , 10.145500
406.687500 , 37.129000 , 5.190550 , 6.087067 , 1.103200 , 75.896700 , -0.288750 , 0.029000 , 5.303000 , 0.020004 , 6.834500 , 40.699500 , 0.000000 , 1000.150000 , 0.198500 , 0.005400 , 10.081500
407.687500 , 37.333500 , 5.203300 , 6.117650 , 1.102350 , 75.912300 , -0.290400 , 0.027000 , 5.280250 , 0.019987 , 6.832000 , 40.908000 , -0.005000 , 1000.150750 , 0.194500 , 0.005400 , 10.127000
408.687500 , 37.521000 , 5.200900 , 6.121580 , 1.099650 , 75.964350 , -0.288300 , 0.030000 , 5.243900 , 0.019987 , 6.832500 , 41.099000 , 0.010000 , 1000.151750 , 0.201000 , 0.005450 , 10.134000
409.687500 , 37.725500 , 5.192000 , 6.171118 , 1.112150 , 75.727350 , -0.290800 , 0.027500 , 5.204650 , 0.019987 , 6.831500 , 41.308000 , -0.025000 , 1000.152900 , 0.187000 , 0.005500 , 10.221500
410.750000 , 37.908000 , 5.184700 , 6.158407 , 1.109100 , 75.784800 , -0.286400 , 0.029000 , 5.195200 , 0.019987 , 6.829000 , 41.493500 , 0.020000 , 1000.154000 , 0.183000 , 0.005500 , 10.203000
411.750000 , 38.110000 , 5.174900 , 6.091906 , 1.118500 , 75.606300 , -0.290800 , 0.029000 , 5.161300 , 0.019987 , 6.825000 , 41.699500 , 0.010000 , 1000.155100 , 0.204000 , 0.005400 , 10.093000
412.687500 , 38.297000 , 5.173650 , 6.104321 , 1.110700 , 75.753300 , -0.288050 , 0.027500 , 5.160300 , 0.019987 , 6.830000 , 41.890500 , -0.010000 , 1000.156050 , 0.202500 , 0.005400 , 10.115000
413.750000 , 38.508000 , 5.153700 , 6.168720 , 1.119600 , 75.585400 , -0.290200 , 0.028000 , 5.131500 , 0.019987 , 6.831000 , 42.105500 , -0.020000 , 1000.157600 , 0.180000 , 0.005400 , 10.227000
414.812500 , 38.690500 , 5.151250 , 6.117349 , 1.114700 , 75.678750 , -0.286800 , 0.024500 , 5.096750 , 0.019987 , 6.830000 , 42.292000 , 0.035000 , 1000.158450 , 0.189000 , 0.005400 , 10.144000
415.750000 , 38.884000 , 5.152600 , 6.225741 , 1.109300 , 75.780100 , -0.290200 , 0.029000 , 5.081600 , 0.019987 , 6.825000 , 42.489500 , 0.040000 , 1000.159400 , 0.228000 , 0.005500 , 10.323000
416.625000 , 39.101000 , 5.144500 , 6.154530 , 1.120200 , 75.575000 , -0.290500 , 0.027000 , 5.073600 , 0.019987 , 6.828000 , 42.710500 , -0.010000 , 1000.160600 , 0.231000 , 0.005400 , 10.208000
417.500000 , 39.286000 , 5.146700 , 6.124811 , 1.122100 , 75.539300 , -0.290800 , 0.026000 , 5.064400 , 0.019987 , 6.827000 , 42.899500 , -0.000000 , 1000.161500 , 0.223000 , 0.005400 , 10.158000
418.375000 , 39.487000 , 5.148300 , 6.151037 , 1.123100 , 75.520000 , -0.286500 , 0.026000 , 5.039700 , 0.019987 , 6.826000 , 43.104500 , -0.010000 , 1000.162400 , 0.224000 , 0.005400 , 10.201000
419.312500 , 39.691000 , 5.137250 , 6.097952 , 1.119350 , 75.589700 , -0.292050 , 0.026500 , 5.015450 , 0.019987 , 6.824000 , 43.312000 , -0.030000 , 1000.163600 , 0.196000 , 0.005400 , 10.116500
420.312500 , 39.867000 , 5.129350 , 6.105660 , 1.116900 , 75.636750 , -0.290300 , 0.027000 , 4.999200 , 0.019987 , 6.822000 , 43.491500 , 0.010000 , 1000.164650 , 0.189500 , 0.005400 , 10.132000
421.312500 , 40.073000 , 5.116750 , 6.107406 , 1.119400 , 75.590200 , -0.289600 , 0.027500 , 4.965450 , 0.019987 , 6.822000 , 43.701500 , -0.005000 , 1000.165850 , 0.193500 , 0.005400 , 10.140000
422.312500 , 40.254000 , 5.107750 , 6.141113 , 1.126900 , 75.447900 , -0.289650 , 0.027000 , 4.952400 , 0.019987 , 6.820000 , 43.886000 , 0.010000 , 1000.166950 , 0.196000 , 0.005400 , 10.198000
423.312500 , 40.462500 , 5.094000 , 6.099622 , 1.134700 , 75.300550 , -0.289900 , 0.026000 , 4.922000 , 0.019987 , 6.817000 , 44.099000 , -0.010000 , 1000.168250 , 0.191000 , 0.005400 , 10.134000
424.312500 , 40.645500 , 5.084900 , 6.125607 , 1.158200 , 74.861050 , -0.292000 , 0.029000 , 4.894250 , 0.019987 , 6.818500 , 44.285500 , 0.020000 , 1000.169350 , 0.198500 , 0.005400 , 10.179500
425.312500 , 40.856000 , 5.075150 , 6.104987 , 1.158000 , 74.863250 , -0.290900 , 0.028000 , 4.866150 , 0.019987 , 6.815000 , 44.500000 , -0.010000 , 1000.170500 , 0.210000 , 0.005400 , 10.149000
426.312500 , 41.064000 , 5.061750 , 6.129993 , 1.156550 , 74.890200 , -0.290900 , 0.029000 , 4.826100 , 0.019987 , 6.813000 , 44.712000 , -0.020000 , 1000.171750 , 0.192500 , 0.005400 , 10.195500
427.312500 , 41.244500 , 5.057150 , 6.158805 , 1.146250 , 75.083300 , -0.289300 , 0.027000 , 4.815700 , 0.019987 , 6.807000 , 44.896000 , 0.015000 , 1000.172750 , 0.198000 , 0.005400 , 10.246000
428.312500 , 41.457000 , 5.045500 , 6.111741 , 1.151300 , 74.989400 , -0.291600 , 0.026000 , 4.800000 , 0.019987 , 6.807000 , 45.113000 , -0.025000 , 1000.173950 , 0.191000 , 0.005400 , 10.170000
429.375000 , 41.637000 , 5.044100 , 6.106632 , 1.153600 , 74.946000 , -0.289100 , 0.026000 , 4.772900 , 0.019987 , 6.806000 , 45.296500 , 0.020000 , 1000.174800 , 0.178000 , 0.005400 , 10.162000
430.437500 , 41.844500 , 5.043750 , 6.130233 , 1.172350 , 74.595500 , -0.291950 , 0.027500 , 4.742450 , 0.019987 , 6.806000 , 45.508000 , 0.015000 , 1000.175900 , 0.203500 , 0.005400 , 10.201500
431.375000 , 42.038000 , 5.043800 , 6.145204 , 1.169800 , 74.643700 , -0.293100 , 0.025000 , 4.738100 , 0.019987 , 6.806000 , 45.705500 , -0.000000 , 1000.176900 , 0.202000 , 0.005400 , 10.227000
432.312500 , 42.224500 , 5.042300 , 6.122266 , 1.177600 , 74.498000 , -0.285300 , 0.029000 , 4.718300 , 0.019987 , 6.805500 , 45.895500 , 0.030000 , 1000.177800 , 0.214000 , 0.005400 , 10.189000
433.187500 , 42.426500 , 5.042450 , 6.106633 , 1.179250 , 74.467300 , -0.288000 , 0.030500 , 4.710650 , 0.019987 , 6.807000 , 46.101500 , 0.010000 , 1000.178800 , 0.235500 , 0.005400 , 10.163000
434.000000 , 42.621000 , 5.042200 , 6.095749 , 1.184800 , 74.364000 , -0.287100 , 0.028000 , 4.717200 , 0.019987 , 6.807000 , 46.299500 , -0.010000 , 1000.179700 , 0.228000 , 0.005300 , 10.145000
434.875000 , 42.812000 , 5.035700 , 6.096449 , 1.184700 , 74.365900 , -0.290800 , 0.030000 , 4.695700 , 0.019987 , 6.804000 , 46.494500 , -0.000000 , 1000.180800 , 0.223000 , 0.005300 , 10.148000
435.812500 , 43.020000 , 5.037550 , 6.075581 , 1.185950 , 74.343100 , -0.290100 , 0.029500 , 4.665900 , 0.019987 , 6.802000 , 46.706500 , -0.035000 , 1000.181750 , 0.203500 , 0.005300 , 10.113000
436.875000 , 43.213000 , 5.034600 , 6.114722 , 1.191600 , 74.237900 , -0.286900 , 0.027000 , 4.658500 , 0.019987 , 6.802000 , 46.903500 , 0.020000 , 1000.182800 , 0.185000 , 0.005400 , 10.179000
437.875000 , 43.416000 , 5.027200 , 6.135466 , 1.216000 , 73.785200 , -0.290800 , 0.030000 , 4.634600 , 0.019987 , 6.801000 , 47.110500 , 0.030000 , 1000.184000 , 0.220000 , 0.005400 , 10.216000
438.687500 , 43.599500 , 5.025050 , 6.099868 , 1.225300 , 73.615700 , -0.290700 , 0.031000 , 4.603150 , 0.019987 , 6.803000 , 47.297500 , -0.010000 , 1000.184850 , 0.224000 , 0.005300 , 10.158000
439.562500 , 43.792000 , 5.023550 , 6.138276 , 1.224650 , 73.627800 , -0.289550 , 0.027000 , 4.598950 , 0.019987 , 6.805000 , 47.494000 , -0.010000 , 1000.185850 , 0.212000 , 0.005400 , 10.221500
440.500000 , 43.984000 , 5.021900 , 6.135451 , 1.229500 , 73.536500 , -0.290200 , 0.028000 , 4.584900 , 0.019987 , 6.802000 , 47.689500 , 0.010000 , 1000.186800 , 0.220000 , 0.005400 , 10.218000
441.437500 , 44.200000 , 5.017500 , 6.094200 , 1.227600 , 73.573100 , -0.291000 , 0.028000 , 4.577100 , 0.019987 , 6.802000 , 47.910000 , -0.015000 , 1000.187900 , 0.211500 , 0.005300 , 10.151000
442.375000 , 44.387000 , 5.003400 , 6.074736 , 1.234000 , 73.456200 , -0.290300 , 0.030000 , 4.571200 , 0.019987 , 6.801000 , 48.100500 , -0.000000 , 1000.189100 , 0.204000 , 0.005300 , 10.122000
443.375000 , 44.588000 , 4.980000 , 6.082278 , 1.231100 , 73.508600 , -0.291200 , 0.026000 , 4.536600 , 0.019987 , 6.800000 , 48.305500 , -0.030000 , 1000.190400 , 0.179000 , 0.005300 , 10.142000
444.437500 , 44.765000 , 4.971250 , 6.143598 , 1.235450 , 73.428650 , -0.288400 , 0.027500 , 4.484750 , 0.019987 , 6.797500 , 48.486000 , 0.040000 , 1000.191500 , 0.198000 , 0.005300 , 10.248500
445.375000 , 44.977000 , 4.970100 , 6.133878 , 1.265600 , 72.877200 , -0.289600 , 0.029000 , 4.487600 , 0.019987 , 6.790000 , 48.702500 , 0.010000 , 1000.192600 , 0.222000 , 0.005300 , 10.233000
446.250000 , 45.169000 , 4.967200 , 6.069782 , 1.252900 , 73.108900 , -0.289200 , 0.028000 , 4.467500 , 0.019987 , 6.790000 , 48.898500 , -0.000000 , 1000.193500 , 0.218000 , 0.005300 , 10.127000
447.125000 , 45.353000 , 4.965500 , 6.110131 , 1.252700 , 73.112800 , -0.292000 , 0.024000 , 4.453800 , 0.019987 , 6.789000 , 49.085500 , 0.020000 , 1000.194500 , 0.226000 , 0.005300 , 10.195000
448.000000 , 45.568000 , 4.962000 , 6.137870 , 1.257800 , 73.019200 , -0.292100 , 0.026000 , 4.440100 , 0.019987 , 6.790000 , 49.304500 , -0.000000 , 1000.195600 , 0.236000 , 0.005300 , 10.242000
448.812500 , 45.750000 , 4.959650 , 6.111211 , 1.266050 , 72.868300 , -0.287300 , 0.025000 , 4.444600 , 0.019987 , 6.790000 , 49.490500 , 0.005000 , 1000.196550 , 0.235500 , 0.005300 , 10.199000
449.625000 , 45.948000 , 4.960500 , 6.101707 , 1.264500 , 72.897400 , -0.290100 , 0.024000 , 4.459100 , 0.019987 , 6.792000 , 49.692500 , 0.010000 , 1000.197500 , 0.246000 , 0.005300 , 10.183000
450.437500 , 46.152000 , 4.957300 , 6.112593 , 1.276750 , 72.674300 , -0.289650 , 0.028000 , 4.457650 , 0.019987 , 6.794500 , 49.900500 , -0.015000 , 1000.198550 , 0.239000 , 0.005300 , 10.201500
451.250000 , 46.338000 , 4.946600 , 6.063357 , 1.278100 , 72.650000 , -0.287800 , 0.028000 , 4.457400 , 0.019987 , 6.797000 , 50.090500 , -0.020000 , 1000.199600 , 0.224000 , 0.005300 , 10.122000
