analysis/ctd/Lake Eleanor Sept14_down.txt
* Sea-Bird SBE19plus Data File:
* FileName = C:\Documents and Settings\Field User\Desktop\Lake Eleanor Sept14.hex
* Software Version 1.59
* Temperature SN =  4558
* Conductivity SN =  4558
* System UpLoad Time = Sep 17 2014 16:46:56
** Lake Eleanor Rim Fire sampling Sept 2014
* ds
# nquan = 16                                
# nvalues = 2095                        
# units = specified
# name 0 = timeS: Time, Elapsed [seconds]
# name 1 = prdM: Pressure, Strain Gauge [db]
# name 2 = tv290C: Temperature [ITS-90, deg C]
# name 3 = c0uS/cm: Conductivity [uS/cm]
# name 4 = CStarAt0: Beam Attenuation, WET Labs C-Star [1/m]
# name 5 = CStarTr0: Beam Transmission, WET Labs C-Star [%]
# name 6 = chloroflTC0: Chlorophyll, Turner Cyclops [ug/l]
# name 7 = seaTurbMtr: Turbidity, Seapoint [FTU]
# name 8 = sbeox0Mg/L: Oxygen, SBE 43 [mg/l]
# name 9 = depFM: Depth [fresh water, m], lat = 0
# name 10 = accM: Acceleration [m/s^2], WS = 2
# name 11 = density00: Density [density, kg/m^3]
# name 12 = dz/dtM: Descent Rate [m/s], WS = 2
# name 13 = sal00: Salinity, Practical [PSU]
# name 14 = specc: Specific Conductance [uS/cm]
# name 15 = flag: flag
# span 0 =      0.000,    523.500       
# span 1 =     -1.573,     55.938       
# span 2 =     4.9235,    30.2269       
# span 3 =  -0.107505,  17.166574       
# span 4 =     0.5037,    16.6121       
# span 5 =     4.3324,    88.1682       
# span 6 =     0.0000,    11.5496       
# span 7 =      0.000,      4.328       
# span 8 =     0.4741,    10.4200       
# span 9 =     -1.604,     57.041       
# span 10 =      -0.17,       0.08      
# span 11 =   995.5732,  1000.2484      
# span 12 =     -0.407,      0.274      
# span 13 =     0.0000,     0.0164      
# span 14 =     -0.097,     17.793      
# span 15 = 0.0000e+00, 0.0000e+00      
# interval = seconds: 0.25
# start_time = Sep 11 2014 16:13:35 [Instrument's time stamp, header]
# bad_flag = -9.990e-29
*END*
[from data line 88]
189.750000 , 16.744000 , 6.994400 , 7.798386 , 0.670700 , 84.563800 , 2.776900 , 0.105000 , 7.074700 , 18.712000 , 0.010000 , 999.991600 , 0.242000 , 0.007300 , 12.186000 , 0.000000
190.500000 , 16.929000 , 6.943300 , 7.770976 , 0.665700 , 84.669100 , 2.769600 , 0.109000 , 7.056500 , 18.901000 , 0.010000 , 999.994900 , 0.252000 , 0.007300 , 12.167000 , 0.000000
191.250000 , 17.122000 , 6.905700 , 7.769869 , 0.655500 , 84.885600 , 2.764200 , 0.122000 , 7.010000 , 19.098000 , 0.000000 , 999.997500 , 0.257000 , 0.007300 , 12.176000 , 0.000000
192.000000 , 17.315000 , 6.867800 , 7.754396 , 0.646500 , 85.076600 , 2.739400 , 0.105000 , 6.952900 , 19.294000 , -0.000000 , 1000.000100 , 0.257000 , 0.007200 , 12.164000 , 0.000000
192.750000 , 17.508000 , 6.836900 , 7.751420 , 0.637200 , 85.274400 , 2.725100 , 0.091000 , 6.899000 , 19.491000 , -0.010000 , 1000.002400 , 0.253000 , 0.007200 , 12.176000 , 0.000000
193.500000 , 17.695000 , 6.812800 , 7.762388 , 0.623300 , 85.572400 , 2.715500 , 0.082000 , 6.845800 , 19.682000 , -0.000000 , 1000.004400 , 0.249000 , 0.007200 , 12.199000 , 0.000000
194.250000 , 17.881000 , 6.784900 , 7.772794 , 0.618900 , 85.664800 , 2.719700 , 0.090000 , 6.788300 , 19.872000 , 0.000000 , 1000.006500 , 0.250000 , 0.007200 , 12.227000 , 0.000000
195.125000 , 18.100000 , 6.753800 , 7.780038 , 0.618950 , 85.663350 , 2.706100 , 0.096500 , 6.737250 , 20.094500 , 0.000000 , 1000.008950 , 0.252500 , 0.007200 , 12.249500 , 0.000000
196.000000 , 18.325000 , 6.719000 , 7.792444 , 0.627800 , 85.476100 , 2.714200 , 0.116000 , 6.723600 , 20.324000 , 0.000000 , 1000.011500 , 0.256000 , 0.007200 , 12.283000 , 0.000000
196.750000 , 18.516000 , 6.691600 , 7.810832 , 0.628800 , 85.454100 , 2.749200 , 0.117000 , 6.743100 , 20.519000 , 0.000000 , 1000.013600 , 0.258000 , 0.007200 , 12.321000 , 0.000000
197.500000 , 18.711000 , 6.654400 , 7.775816 , 0.634300 , 85.335700 , 2.771200 , 0.114000 , 6.766500 , 20.718000 , 0.000000 , 1000.016100 , 0.258000 , 0.007200 , 12.282000 , 0.000000
198.250000 , 18.903000 , 6.623500 , 7.746281 , 0.647200 , 85.061100 , 2.782800 , 0.115000 , 6.767100 , 20.914000 , 0.000000 , 1000.018300 , 0.260000 , 0.007100 , 12.247000 , 0.000000
199.000000 , 19.101000 , 6.591200 , 7.712893 , 0.659100 , 84.807700 , 2.779800 , 0.118000 , 6.744100 , 21.116000 , 0.000000 , 1000.020500 , 0.261000 , 0.007100 , 12.208000 , 0.000000
199.750000 , 19.295000 , 6.567300 , 7.701067 , 0.651600 , 84.967900 , 2.774400 , 0.100000 , 6.711200 , 21.313000 , 0.000000 , 1000.022400 , 0.262000 , 0.007100 , 12.197000 , 0.000000
200.500000 , 19.494000 , 6.537600 , 7.695700 , 0.634600 , 85.330200 , 2.792200 , 0.079000 , 6.685300 , 21.516000 , 0.000000 , 1000.024600 , 0.264000 , 0.007100 , 12.198000 , 0.000000
201.250000 , 19.692000 , 6.511100 , 7.698052 , 0.617500 , 85.696500 , 2.805100 , 0.058000 , 6.658100 , 21.718000 , -0.000000 , 1000.026600 , 0.264000 , 0.007100 , 12.215000 , 0.000000
202.000000 , 19.889000 , 6.490200 , 7.691656 , 0.609200 , 85.872300 , 2.823400 , 0.051000 , 6.634600 , 21.919000 , -0.000000 , 1000.028400 , 0.263000 , 0.007000 , 12.211000 , 0.000000
202.750000 , 20.086000 , 6.469700 , 7.683190 , 0.602600 , 86.014400 , 2.840200 , 0.055000 , 6.607500 , 22.120000 , -0.000000 , 1000.030100 , 0.261000 , 0.007000 , 12.207000 , 0.000000
203.500000 , 20.281000 , 6.448600 , 7.679105 , 0.599100 , 86.090700 , 2.831700 , 0.052000 , 6.565900 , 22.319000 , -0.000000 , 1000.031900 , 0.259000 , 0.007000 , 12.208000 , 0.000000
204.250000 , 20.475000 , 6.427300 , 7.688408 , 0.591700 , 86.250600 , 2.812400 , 0.057000 , 6.513800 , 22.517000 , -0.010000 , 1000.033600 , 0.255000 , 0.007000 , 12.231000 , 0.000000
205.000000 , 20.663000 , 6.409600 , 7.705458 , 0.585100 , 86.391200 , 2.827000 , 0.056000 , 6.464200 , 22.708000 , -0.010000 , 1000.035200 , 0.248000 , 0.007000 , 12.265000 , 0.000000
205.750000 , 20.847000 , 6.394100 , 7.706002 , 0.578200 , 86.540500 , 2.816400 , 0.047000 , 6.424900 , 22.896000 , -0.000000 , 1000.036700 , 0.245000 , 0.007000 , 12.272000 , 0.000000
206.500000 , 21.030000 , 6.380500 , 7.704530 , 0.576600 , 86.574600 , 2.804100 , 0.051000 , 6.374500 , 23.083000 , 0.000000 , 1000.038100 , 0.245000 , 0.007000 , 12.275000 , 0.000000
207.250000 , 21.215000 , 6.364100 , 7.704482 , 0.583700 , 86.421700 , 2.791400 , 0.073000 , 6.307500 , 23.271000 , 0.010000 , 1000.039600 , 0.250000 , 0.007000 , 12.282000 , 0.000000
208.125000 , 21.436000 , 6.345250 , 7.709659 , 0.593950 , 86.201250 , 2.801150 , 0.087500 , 6.250500 , 23.496500 , 0.010000 , 1000.041350 , 0.255500 , 0.007000 , 12.297500 , 0.000000
209.000000 , 21.662000 , 6.326800 , 7.735392 , 0.601900 , 86.031400 , 2.820000 , 0.081000 , 6.242000 , 23.727000 , 0.010000 , 1000.043200 , 0.261000 , 0.007000 , 12.348000 , 0.000000
209.750000 , 21.859000 , 6.309800 , 7.724928 , 0.616000 , 85.727100 , 2.807400 , 0.091000 , 6.264700 , 23.928000 , -0.000000 , 1000.044800 , 0.262000 , 0.007000 , 12.336000 , 0.000000
210.500000 , 22.055000 , 6.294800 , 7.718937 , 0.634200 , 85.339300 , 2.816400 , 0.103000 , 6.292500 , 24.128000 , 0.000000 , 1000.046200 , 0.262000 , 0.007000 , 12.332000 , 0.000000
211.250000 , 22.252000 , 6.275600 , 7.716982 , 0.650100 , 84.999800 , 2.809600 , 0.109000 , 6.301500 , 24.329000 , 0.000000 , 1000.047900 , 0.263000 , 0.007000 , 12.336000 , 0.000000
212.000000 , 22.449000 , 6.260600 , 7.716391 , 0.648700 , 85.029600 , 2.810900 , 0.101000 , 6.283100 , 24.530000 , 0.000000 , 1000.049400 , 0.265000 , 0.007000 , 12.341000 , 0.000000
212.625000 , 22.616500 , 6.245900 , 7.703060 , 0.644350 , 85.121850 , 2.838350 , 0.099000 , 6.249700 , 24.700500 , 0.000000 , 1000.050750 , 0.267000 , 0.006900 , 12.325500 , 0.000000
213.250000 , 22.784000 , 6.232600 , 7.694484 , 0.635400 , 85.312400 , 2.865800 , 0.104000 , 6.206000 , 24.871000 , 0.000000 , 1000.052000 , 0.268000 , 0.006900 , 12.317000 , 0.000000
214.000000 , 22.986000 , 6.214300 , 7.701123 , 0.625000 , 85.533900 , 2.864600 , 0.080000 , 6.151700 , 25.077000 , 0.000000 , 1000.053600 , 0.269000 , 0.006900 , 12.335000 , 0.000000
214.750000 , 23.187000 , 6.198200 , 7.701968 , 0.618100 , 85.683900 , 2.854100 , 0.075000 , 6.106000 , 25.282000 , 0.000000 , 1000.055200 , 0.269000 , 0.006900 , 12.343000 , 0.000000
215.500000 , 23.389000 , 6.179600 , 7.687892 , 0.614300 , 85.763200 , 2.812300 , 0.071000 , 6.075100 , 25.488000 , 0.000000 , 1000.056800 , 0.270000 , 0.006900 , 12.328000 , 0.000000
216.250000 , 23.592000 , 6.163700 , 7.685299 , 0.612000 , 85.812500 , 2.751600 , 0.056000 , 6.047500 , 25.695000 , 0.000000 , 1000.058300 , 0.272000 , 0.006900 , 12.330000 , 0.000000
217.000000 , 23.796000 , 6.147900 , 7.697211 , 0.613400 , 85.783000 , 2.696400 , 0.046000 , 6.013500 , 25.903000 , 0.000000 , 1000.059900 , 0.273000 , 0.006900 , 12.355000 , 0.000000
217.750000 , 24.002000 , 6.131200 , 7.700872 , 0.613500 , 85.780300 , 2.673000 , 0.056000 , 5.969200 , 26.113000 , -0.000000 , 1000.061400 , 0.274000 , 0.006900 , 12.368000 , 0.000000
218.500000 , 24.207000 , 6.112500 , 7.713157 , 0.612100 , 85.810600 , 2.642700 , 0.076000 , 5.919100 , 26.322000 , -0.010000 , 1000.063100 , 0.271000 , 0.006900 , 12.395000 , 0.000000
219.250000 , 24.408000 , 6.096100 , 7.699258 , 0.610700 , 85.841700 , 2.600800 , 0.081000 , 5.863600 , 26.527000 , -0.010000 , 1000.064600 , 0.265000 , 0.006900 , 12.379000 , 0.000000
220.000000 , 24.605000 , 6.080500 , 7.689361 , 0.612400 , 85.804200 , 2.541900 , 0.064000 , 5.824200 , 26.728000 , -0.000000 , 1000.066100 , 0.262000 , 0.006900 , 12.369000 , 0.000000
220.750000 , 24.801000 , 6.066900 , 7.695784 , 0.611100 , 85.832200 , 2.478600 , 0.055000 , 5.813000 , 26.928000 , 0.000000 , 1000.067500 , 0.261000 , 0.006900 , 12.384000 , 0.000000
221.500000 , 24.996000 , 6.048900 , 7.715964 , 0.614900 , 85.750700 , 2.424400 , 0.065000 , 5.815400 , 27.127000 , 0.000000 , 1000.069000 , 0.263000 , 0.006900 , 12.425000 , 0.000000
222.250000 , 25.196000 , 6.032200 , 7.727280 , 0.625700 , 85.520000 , 2.374200 , 0.070000 , 5.803500 , 27.331000 , 0.000000 , 1000.070500 , 0.263000 , 0.006900 , 12.449000 , 0.000000
223.000000 , 25.391000 , 6.016900 , 7.707637 , 0.628500 , 85.459700 , 2.339700 , 0.068000 , 5.757000 , 27.530000 , -0.010000 , 1000.072000 , 0.258000 , 0.006800 , 12.424000 , 0.000000
223.750000 , 25.583000 , 5.999100 , 7.677082 , 0.627400 , 85.482400 , 2.306100 , 0.075000 , 5.696400 , 27.725000 , -0.000000 , 1000.073500 , 0.252000 , 0.006800 , 12.380000 , 0.000000
224.500000 , 25.769000 , 5.982800 , 7.694714 , 0.620800 , 85.624400 , 2.292200 , 0.089000 , 5.642100 , 27.915000 , 0.000000 , 1000.074900 , 0.252000 , 0.006800 , 12.417000 , 0.000000
225.250000 , 25.961000 , 5.967200 , 7.706679 , 0.608000 , 85.898200 , 2.311900 , 0.101000 , 5.609700 , 28.111000 , 0.000000 , 1000.076300 , 0.255000 , 0.006800 , 12.443000 , 0.000000
226.000000 , 26.152000 , 5.950100 , 7.719961 , 0.609300 , 85.871300 , 2.303100 , 0.107000 , 5.616800 , 28.306000 , 0.000000 , 1000.077800 , 0.258000 , 0.006800 , 12.471000 , 0.000000
226.750000 , 26.347000 , 5.932600 , 7.717016 , 0.617000 , 85.706200 , 2.286900 , 0.113000 , 5.654800 , 28.504000 , 0.000000 , 1000.079300 , 0.261000 , 0.006800 , 12.473000 , 0.000000
227.500000 , 26.544000 , 5.912900 , 7.703482 , 0.629700 , 85.435800 , 2.281000 , 0.100000 , 5.707600 , 28.705000 , -0.000000 , 1000.080900 , 0.261000 , 0.006800 , 12.459000 , 0.000000
228.250000 , 26.738000 , 5.895000 , 7.687055 , 0.646000 , 85.085900 , 2.356000 , 0.090000 , 5.752200 , 28.903000 , -0.010000 , 1000.082300 , 0.257000 , 0.006800 , 12.440000 , 0.000000
229.000000 , 26.929000 , 5.879100 , 7.661536 , 0.654500 , 84.906900 , 2.368400 , 0.074000 , 5.773100 , 29.098000 , -0.010000 , 1000.083700 , 0.250000 , 0.006800 , 12.405000 , 0.000000
229.750000 , 27.113000 , 5.865900 , 7.642372 , 0.646500 , 85.076500 , 2.324100 , 0.060000 , 5.783800 , 29.286000 , -0.000000 , 1000.085000 , 0.248000 , 0.006700 , 12.379000 , 0.000000
230.500000 , 27.301000 , 5.851800 , 7.645791 , 0.622500 , 85.588900 , 2.321300 , 0.050000 , 5.792000 , 29.477000 , -0.000000 , 1000.086400 , 0.247000 , 0.006700 , 12.391000 , 0.000000
231.375000 , 27.514000 , 5.840600 , 7.642496 , 0.594600 , 86.188200 , 2.288350 , 0.034000 , 5.794400 , 29.694500 , -0.010000 , 1000.087700 , 0.243000 , 0.006700 , 12.391000 , 0.000000
232.250000 , 27.727000 , 5.826500 , 7.650823 , 0.570600 , 86.706000 , 2.235400 , 0.031000 , 5.782300 , 29.912000 , -0.010000 , 1000.089200 , 0.238000 , 0.006700 , 12.409000 , 0.000000
233.000000 , 27.902000 , 5.816000 , 7.679175 , 0.556700 , 87.008500 , 2.214500 , 0.033000 , 5.759200 , 30.090000 , -0.010000 , 1000.090400 , 0.233000 , 0.006700 , 12.459000 , 0.000000
233.875000 , 28.105000 , 5.802350 , 7.660119 , 0.538800 , 87.397450 , 2.229300 , 0.033500 , 5.730400 , 30.297500 , 0.000000 , 1000.091750 , 0.234000 , 0.006700 , 12.433500 , 0.000000
234.750000 , 28.313000 , 5.782800 , 7.619071 , 0.521800 , 87.769900 , 2.253200 , 0.042000 , 5.704900 , 30.509000 , 0.000000 , 1000.093300 , 0.235000 , 0.006700 , 12.376000 , 0.000000
235.500000 , 28.486000 , 5.768600 , 7.610558 , 0.516000 , 87.897800 , 2.229800 , 0.047000 , 5.657700 , 30.686000 , 0.010000 , 1000.094600 , 0.238000 , 0.006700 , 12.367000 , 0.000000
236.375000 , 28.700500 , 5.746700 , 7.601249 , 0.510800 , 88.012150 , 2.207900 , 0.035000 , 5.519850 , 30.904000 , 0.005000 , 1000.096200 , 0.244500 , 0.006700 , 12.360500 , 0.000000
237.250000 , 28.914000 , 5.725400 , 7.614234 , 0.511400 , 87.999000 , 2.219000 , 0.028000 , 5.310300 , 31.122000 , 0.000000 , 1000.097900 , 0.245000 , 0.006700 , 12.390000 , 0.000000
238.000000 , 29.098000 , 5.706100 , 7.630270 , 0.508400 , 88.064200 , 2.174400 , 0.028000 , 5.148700 , 31.310000 , -0.000000 , 1000.099300 , 0.245000 , 0.006700 , 12.424000 , 0.000000
238.750000 , 29.282000 , 5.691000 , 7.672402 , 0.504100 , 88.158900 , 2.156500 , 0.040000 , 5.037500 , 31.497000 , -0.010000 , 1000.100600 , 0.240000 , 0.006700 , 12.499000 , 0.000000
239.625000 , 29.487500 , 5.681150 , 7.714764 , 0.511250 , 88.004050 , 2.131800 , 0.063000 , 4.971150 , 31.707000 , -0.010000 , 1000.101900 , 0.230000 , 0.006700 , 12.572000 , 0.000000
240.500000 , 29.685000 , 5.669500 , 7.735304 , 0.551300 , 87.129300 , 2.111100 , 0.076000 , 4.950300 , 31.908000 , -0.010000 , 1000.103200 , 0.219000 , 0.006700 , 12.610000 , 0.000000
241.375000 , 29.870000 , 5.657150 , 7.718743 , 0.596900 , 86.141200 , 2.113750 , 0.107500 , 4.927700 , 32.096500 , -0.010000 , 1000.104450 , 0.210000 , 0.006700 , 12.588500 , 0.000000
242.375000 , 30.078500 , 5.639450 , 7.715937 , 0.658600 , 84.823750 , 2.136250 , 0.140000 , 4.884650 , 32.310000 , 0.000000 , 1000.105950 , 0.209000 , 0.006700 , 12.591000 , 0.000000
243.250000 , 30.262000 , 5.625100 , 7.713782 , 0.703800 , 83.868200 , 2.147400 , 0.135000 , 4.860500 , 32.497000 , 0.000000 , 1000.107200 , 0.212000 , 0.006700 , 12.593000 , 0.000000
244.125000 , 30.449500 , 5.612100 , 7.688349 , 0.721200 , 83.502950 , 2.163650 , 0.145500 , 4.863600 , 32.688000 , 0.010000 , 1000.108450 , 0.217000 , 0.006650 , 12.557000 , 0.000000
245.000000 , 30.643000 , 5.596700 , 7.692134 , 0.740400 , 83.103400 , 2.141300 , 0.161000 , 4.882400 , 32.885000 , 0.010000 , 1000.109800 , 0.225000 , 0.006600 , 12.570000 , 0.000000
245.875000 , 30.843000 , 5.581700 , 7.685548 , 0.765250 , 82.589100 , 2.113750 , 0.175000 , 4.926650 , 33.089500 , 0.010000 , 1000.111200 , 0.233000 , 0.006600 , 12.565500 , 0.000000
246.750000 , 31.051000 , 5.561000 , 7.658981 , 0.776100 , 82.364800 , 2.096800 , 0.148000 , 5.006700 , 33.301000 , 0.010000 , 1000.112700 , 0.240000 , 0.006600 , 12.530000 , 0.000000
247.500000 , 31.232000 , 5.543300 , 7.627971 , 0.767500 , 82.541400 , 2.072000 , 0.119000 , 5.065600 , 33.486000 , -0.010000 , 1000.114000 , 0.238000 , 0.006600 , 12.487000 , 0.000000
248.375000 , 31.437000 , 5.519600 , 7.573288 , 0.733750 , 83.242200 , 2.065900 , 0.102500 , 5.076450 , 33.694500 , -0.005000 , 1000.115600 , 0.231500 , 0.006500 , 12.407500 , 0.000000
249.250000 , 31.636000 , 5.503000 , 7.590439 , 0.704900 , 83.844400 , 2.088600 , 0.076000 , 5.039000 , 33.898000 , 0.000000 , 1000.117000 , 0.232000 , 0.006500 , 12.442000 , 0.000000
250.000000 , 31.814000 , 5.488400 , 7.586317 , 0.673100 , 84.516300 , 2.098700 , 0.049000 , 4.981700 , 34.079000 , 0.010000 , 1000.118200 , 0.239000 , 0.006500 , 12.441000 , 0.000000
250.875000 , 32.025500 , 5.474250 , 7.607255 , 0.620450 , 85.638400 , 2.121750 , 0.043500 , 4.884200 , 34.295000 , 0.010000 , 1000.119600 , 0.248000 , 0.006500 , 12.481000 , 0.000000
251.750000 , 32.248000 , 5.460800 , 7.639290 , 0.571600 , 86.686800 , 2.136100 , 0.052000 , 4.770700 , 34.522000 , 0.010000 , 1000.121000 , 0.256000 , 0.006600 , 12.539000 , 0.000000
252.500000 , 32.441000 , 5.450600 , 7.648081 , 0.558300 , 86.973900 , 2.139700 , 0.048000 , 4.677800 , 34.719000 , -0.000000 , 1000.122200 , 0.256000 , 0.006600 , 12.558000 , 0.000000
253.250000 , 32.632000 , 5.443500 , 7.649008 , 0.559200 , 86.954300 , 2.094900 , 0.051000 , 4.597200 , 34.913000 , -0.000000 , 1000.123300 , 0.254000 , 0.006600 , 12.562000 , 0.000000
254.000000 , 32.821000 , 5.437300 , 7.688946 , 0.567700 , 86.769800 , 2.079400 , 0.071000 , 4.534100 , 35.106000 , -0.010000 , 1000.124400 , 0.250000 , 0.006600 , 12.630000 , 0.000000
254.750000 , 33.007000 , 5.430300 , 7.678042 , 0.588300 , 86.324200 , 2.082500 , 0.090000 , 4.490000 , 35.296000 , -0.010000 , 1000.125500 , 0.244000 , 0.006600 , 12.615000 , 0.000000
255.500000 , 33.187000 , 5.422900 , 7.678859 , 0.617100 , 85.705000 , 2.091000 , 0.093000 , 4.460800 , 35.479000 , 0.000000 , 1000.126500 , 0.243000 , 0.006600 , 12.620000 , 0.000000
256.375000 , 33.402000 , 5.406850 , 7.699341 , 0.651500 , 84.973000 , 2.097850 , 0.101500 , 4.416250 , 35.698500 , 0.000000 , 1000.128000 , 0.245000 , 0.006600 , 12.659000 , 0.000000
