analysis/ctd/Lake Eleanor_Rimfire_down.txt
* Sea-Bird SBE25 Data File:
* FileName = C:\Documents and Settings\Field User\Desktop\Lake Eleanor_Rimfire.hex
* Software Version 1.59
* Temperature SN = 2360
* Conductivity SN = 2021
* System UpLoad Time = Apr 03 2014 16:39:24
** Lake Eleanor Rim Fire Project spring sampling event
* ds
# nquan = 18                                
# nvalues = 5290                        
# units = specified
# name 0 = timeS: Time, Elapsed [seconds]
# name 1 = prSM: Pressure, Strain Gauge [db]
# name 2 = t090C: Temperature [ITS-90, deg C]
# name 3 = c0uS/cm: Conductivity [uS/cm]
# name 4 = bat: Beam Attenuation, Chelsea/Seatech [1/m]
# name 5 = xmiss: Beam Transmission, Chelsea/Seatech [%]
# name 6 = wetStar: Fluorescence, WET Labs WETstar [mg/m^3]
# name 7 = seaTurbMtr: Turbidity, Seapoint [FTU]
# name 8 = sbeox0Mg/L: Oxygen, SBE 43 [mg/l]
# name 9 = par: PAR/Irradiance, Biospherical/Licor
# name 10 = ph: pH
# name 11 = depFM: Depth [fresh water, m], lat = 0
# name 12 = accM: Acceleration [m/s^2], WS = 2
# name 13 = density00: Density [density, kg/m^3]
# name 14 = dz/dtM: Descent Rate [m/s], WS = 2
# name 15 = sal00: Salinity, Practical [PSU]
# name 16 = specc: Specific Conductance [uS/cm]
# span 0 =      0.000,    661.125       
# span 1 =     -2.497,     50.515       
# span 2 =     4.7228,     9.2079       
# span 3 =  -0.384258,  19.486784       
# span 4 =     0.3967,    11.0880       
# span 5 =     6.7873,    90.6953       
# span 6 =    -0.2973,    -0.2805       
# span 7 =      0.021,      0.034       
# span 8 =     2.9894,     8.1034       
# span 9 = 1.9987e-02, 1.2237e+03       
# span 10 =      5.198,      7.978      
# span 11 =     -2.546,     51.511      
# span 12 =      -0.30,       0.59      
# span 13 =   999.7626,  1000.2235      
# span 14 =     -0.422,      0.259      
# span 15 =     0.0000,     0.0151      
# span 16 =     -0.633,     29.322      
# span 17 = 0.0000e+00, 0.0000e+00      
# interval = seconds: 0.125
# start_time = Apr 02 2014 16:50:30 [Instrument's time stamp, header]
# bad_flag = -9.990e-29
*END*
[from data line 247]
453.125000 , 46.746000 , 4.871300 , 6.153828 , 1.316200 , 71.961500 , -0.285300 , 0.029000 , 4.408000 , 0.019987 , 6.778000 , 50.506500 , 0.020000 , 1000.202900 , 0.226000 , 0.005300 , 10.295000
454.000000 , 46.949000 , 4.851000 , 6.089559 , 1.348800 , 71.377800 , -0.287700 , 0.027000 , 4.387400 , 0.019987 , 6.773000 , 50.713500 , -0.010000 , 1000.204100 , 0.227000 , 0.005200 , 10.200000
454.875000 , 47.142000 , 4.847900 , 6.155426 , 1.368300 , 71.030200 , -0.289300 , 0.027000 , 4.341900 , 0.019987 , 6.761000 , 50.909500 , -0.030000 , 1000.205200 , 0.206000 , 0.005300 , 10.311000
455.812500 , 47.318500 , 4.812150 , 6.162942 , 1.458750 , 69.442050 , -0.290450 , 0.027000 , 4.312000 , 0.019987 , 6.755000 , 51.090000 , 0.010000 , 1000.206550 , 0.196000 , 0.005300 , 10.336000
456.812500 , 47.528000 , 4.810900 , 6.151357 , 1.504700 , 68.647950 , -0.288350 , 0.029500 , 4.299450 , 0.019987 , 6.750000 , 51.303500 , -0.010000 , 1000.207550 , 0.202000 , 0.005300 , 10.317000
457.812500 , 47.714500 , 4.808150 , 6.174698 , 1.528350 , 68.243250 , -0.286600 , 0.026500 , 4.285200 , 0.019987 , 6.748000 , 51.494000 , 0.015000 , 1000.208550 , 0.191000 , 0.005300 , 10.357000
458.750000 , 47.904000 , 4.809100 , 6.253535 , 1.543900 , 67.978200 , -0.290400 , 0.026000 , 4.263100 , 0.019987 , 6.746000 , 51.686500 , 0.010000 , 1000.209500 , 0.210000 , 0.005300 , 10.489000
459.687500 , 48.102500 , 4.809100 , 6.219160 , 1.559800 , 67.707800 , -0.290200 , 0.027000 , 4.251650 , 0.019987 , 6.742000 , 51.889500 , 0.010000 , 1000.210450 , 0.218500 , 0.005300 , 10.431500
460.625000 , 48.317000 , 4.813400 , 6.135327 , 1.569400 , 67.546700 , -0.293800 , 0.028000 , 4.245800 , 0.019987 , 6.743000 , 52.108500 , 0.020000 , 1000.211400 , 0.237000 , 0.005300 , 10.289000
461.437500 , 48.517000 , 4.809900 , 6.110964 , 1.574650 , 67.458850 , -0.289300 , 0.025000 , 4.236150 , 0.019987 , 6.745500 , 52.312000 , 0.000000 , 1000.212450 , 0.241000 , 0.005200 , 10.249500
462.250000 , 48.707000 , 4.808000 , 6.180483 , 1.583800 , 67.305500 , -0.286500 , 0.027000 , 4.233700 , 0.019987 , 6.744000 , 52.505500 , -0.000000 , 1000.213400 , 0.239000 , 0.005300 , 10.367000
463.062500 , 48.906000 , 4.804600 , 6.118937 , 1.595550 , 67.106700 , -0.288850 , 0.029500 , 4.217150 , 0.019987 , 6.746000 , 52.709000 , -0.030000 , 1000.214400 , 0.223000 , 0.005200 , 10.264500
463.937500 , 49.081000 , 4.804250 , 6.111403 , 1.598250 , 67.060800 , -0.289050 , 0.023500 , 4.204450 , 0.019987 , 6.746500 , 52.887000 , -0.005000 , 1000.215250 , 0.204500 , 0.005200 , 10.252000
464.875000 , 49.275000 , 4.795800 , 6.211875 , 1.585800 , 67.271100 , -0.290000 , 0.027000 , 4.185400 , 0.019987 , 6.746000 , 53.085500 , 0.020000 , 1000.216400 , 0.222000 , 0.005300 , 10.424000
465.750000 , 49.483000 , 4.798400 , 6.205259 , 1.586500 , 67.257700 , -0.292200 , 0.030000 , 4.165600 , 0.019987 , 6.745000 , 53.297500 , -0.010000 , 1000.217400 , 0.228000 , 0.005300 , 10.410000
466.687500 , 49.685500 , 4.793000 , 6.140013 , 1.585300 , 67.279600 , -0.287900 , 0.026000 , 4.131100 , 0.019987 , 6.746500 , 53.503500 , -0.015000 , 1000.218450 , 0.210000 , 0.005250 , 10.304000
467.625000 , 49.877000 , 4.781400 , 6.141761 , 1.581200 , 67.348300 , -0.291000 , 0.029000 , 4.114900 , 0.019987 , 6.742000 , 53.698500 , 0.020000 , 1000.219500 , 0.214000 , 0.005200 , 10.309000
468.500000 , 50.076000 , 4.773600 , 6.208311 , 1.577200 , 67.414000 , -0.292000 , 0.026000 , 4.099700 , 0.019987 , 6.739000 , 53.901500 , 0.030000 , 1000.220700 , 0.236000 , 0.005300 , 10.426000
469.312500 , 50.272000 , 4.774100 , 6.249146 , 1.584700 , 67.289050 , -0.290200 , 0.025500 , 4.038000 , 0.019987 , 6.732000 , 54.101500 , -0.025000 , 1000.221650 , 0.254500 , 0.005300 , 10.493500
