analysis/ctd/Lake Eleanor Rim Fire June 2014_down.txt
* Sea-Bird SBE25 Data File:
* FileName = C:\Documents and Settings\Field User\Desktop\Lake Eleanor Rim Fire June 2014.hex
* Software Version 1.59
* Temperature SN = 2360
* Conductivity SN = 2021
* System UpLoad Time = Jun 27 2014 08:17:34
** Lake Eleanor Rim Fire Sampling June 2014
* ds
# nquan = 18                                
# nvalues = 5344                        
# units = specified
# name 0 = timeS: Time, Elapsed [seconds]
# name 1 = prSM: Pressure, Strain Gauge [db]
# name 2 = t090C: Temperature [ITS-90, deg C]
# name 3 = c0uS/cm: Conductivity [uS/cm]
# name 4 = bat: Beam Attenuation, Chelsea/Seatech [1/m]
# name 5 = xmiss: Beam Transmission, Chelsea/Seatech [%]
# name 6 = wetStar: Fluorescence, WET Labs WETstar [mg/m^3]
# name 7 = seaTurbMtr: Turbidity, Seapoint [FTU]
# name 8 = sbeox0Mg/L: Oxygen, SBE 43 [mg/l]
# name 9 = par: PAR/Irradiance, Biospherical/Licor
# name 10 = ph: pH
# name 11 = depFM: Depth [fresh water, m], lat = 0
# name 12 = accM: Acceleration [m/s^2], WS = 2
# name 13 = density00: Density [density, kg/m^3]
# name 14 = dz/dtM: Descent Rate [m/s], WS = 2
# name 15 = sal00: Salinity, Practical [PSU]
# name 16 = specc: Specific Conductance [uS/cm]
# span 0 =      0.000,    667.875       
# span 1 =     -0.888,     57.986       
# span 2 =     4.8603,    22.1904       
# span 3 =   5.936551,   8.687575       
# span 4 =     0.7254,    13.5041       
# span 5 =     4.4493,    83.4150       
# span 6 =    -0.2946,    -0.2818       
# span 7 =      0.021,      0.035       
# span 8 =     1.7671,     8.7501       
# span 9 = 1.9987e-02, 3.8987e+03       
# span 10 =      7.106,      8.453      
# span 11 =     -0.906,     59.129      
# span 12 =      -0.11,       0.96      
# span 13 =   997.7353,  1000.2585      
# span 14 =     -0.334,      0.309      
# span 15 =     0.0054,     0.0129      
# span 16 = -1.337e-24,     11.573      
# span 17 = 0.0000e+00, 0.0000e+00      
# interval = seconds: 0.125
# start_time = Jun 25 2014 16:31:21 [Instrument's time stamp, header]
# bad_flag = -9.990e-29
*END*
[from data line 247]
355.000000 , 48.171000 , 5.040700 , 6.464805 , 1.608400 , 66.892400 , -0.287800 , 0.026000 , 3.683300 , 0.019987 , 7.268000 , 50.485000 , 0.040000 , 1000.207200 , 0.205000 , 0.005600 , 10.759000
355.937500 , 48.411500 , 5.037850 , 6.441152 , 1.617000 , 66.747850 , -0.291000 , 0.026000 , 3.665500 , 0.019987 , 7.271000 , 50.730000 , -0.030000 , 1000.208450 , 0.221000 , 0.005600 , 10.721500
356.812500 , 48.560000 , 5.035950 , 6.513889 , 1.624050 , 66.630250 , -0.288300 , 0.029500 , 3.655650 , 0.019987 , 7.266000 , 50.881500 , -0.025000 , 1000.209250 , 0.189500 , 0.005600 , 10.843000
358.000000 , 48.785000 , 5.032100 , 6.467391 , 1.642000 , 66.332300 , -0.288600 , 0.026000 , 3.579500 , 0.019987 , 7.264000 , 51.111000 , -0.030000 , 1000.210400 , 0.156000 , 0.005600 , 10.767000
359.437500 , 48.981500 , 5.029400 , 6.471559 , 1.662750 , 65.989250 , -0.286400 , 0.029000 , 3.556200 , 0.019987 , 7.256000 , 51.311500 , 0.025000 , 1000.211400 , 0.138500 , 0.005600 , 10.774500
360.687500 , 49.194500 , 5.026100 , 6.589308 , 1.685700 , 65.611400 , -0.286000 , 0.028500 , 3.578200 , 0.019987 , 7.256000 , 51.528500 , 0.005000 , 1000.212600 , 0.176500 , 0.005700 , 10.972500
361.687500 , 49.349500 , 5.024950 , 6.500199 , 1.688050 , 65.572900 , -0.288800 , 0.029000 , 3.618550 , 0.019987 , 7.253000 , 51.686500 , 0.015000 , 1000.213300 , 0.176500 , 0.005600 , 10.824500
362.750000 , 49.557000 , 5.021900 , 6.481942 , 1.692800 , 65.495400 , -0.285800 , 0.024000 , 3.571900 , 0.019987 , 7.254000 , 51.898000 , 0.010000 , 1000.214400 , 0.185000 , 0.005600 , 10.795000
363.750000 , 49.742000 , 5.020400 , 6.440479 , 1.705000 , 65.295200 , -0.287800 , 0.026000 , 3.580900 , 0.019987 , 7.254000 , 52.087000 , 0.010000 , 1000.215300 , 0.202000 , 0.005600 , 10.727000
364.750000 , 49.940000 , 5.017900 , 6.486699 , 1.701400 , 65.353900 , -0.286700 , 0.026000 , 3.511400 , 0.019987 , 7.252000 , 52.289000 , -0.020000 , 1000.216300 , 0.188000 , 0.005600 , 10.804000
365.937500 , 50.157000 , 5.010750 , 6.467781 , 1.718200 , 65.080250 , -0.286050 , 0.028500 , 3.505200 , 0.019987 , 7.251500 , 52.510000 , 0.010000 , 1000.217500 , 0.172000 , 0.005600 , 10.775000
367.062500 , 50.366500 , 4.995850 , 6.544472 , 1.742850 , 64.681200 , -0.287550 , 0.026000 , 3.460000 , 0.019987 , 7.248000 , 52.723500 , -0.020000 , 1000.218850 , 0.174000 , 0.005600 , 10.906500
368.125000 , 50.508000 , 4.995100 , 6.476225 , 1.744200 , 64.658900 , -0.286600 , 0.028000 , 3.426500 , 0.019987 , 7.242000 , 52.868000 , 0.010000 , 1000.219500 , 0.173000 , 0.005600 , 10.795000
369.312500 , 50.727000 , 4.981300 , 6.533839 , 1.759000 , 64.419900 , -0.288950 , 0.027500 , 3.355850 , 0.019987 , 7.245000 , 53.091000 , -0.005000 , 1000.220800 , 0.164500 , 0.005600 , 10.896000
370.500000 , 50.953000 , 4.967500 , 6.578944 , 1.779400 , 64.091400 , -0.289500 , 0.029000 , 3.383500 , 0.019987 , 7.241000 , 53.322000 , 0.000000 , 1000.222200 , 0.183000 , 0.005600 , 10.977000
371.500000 , 51.114000 , 4.965900 , 6.555807 , 1.789900 , 63.924100 , -0.286300 , 0.026000 , 3.351300 , 0.019987 , 7.236000 , 53.486000 , 0.020000 , 1000.223000 , 0.193000 , 0.005600 , 10.939000
372.500000 , 51.320000 , 4.964100 , 6.492318 , 1.788100 , 63.953600 , -0.287600 , 0.028000 , 3.310000 , 0.019987 , 7.243000 , 53.696000 , 0.000000 , 1000.224000 , 0.204000 , 0.005600 , 10.833000
373.437500 , 51.518500 , 4.959650 , 6.524660 , 1.792950 , 63.875650 , -0.287200 , 0.030000 , 3.312350 , 0.019987 , 7.233500 , 53.898000 , 0.005000 , 1000.225050 , 0.216500 , 0.005600 , 10.888500
374.375000 , 51.721000 , 4.954300 , 6.553229 , 1.794900 , 63.842400 , -0.287900 , 0.031000 , 3.297800 , 0.019987 , 7.235000 , 54.105000 , -0.030000 , 1000.226200 , 0.197000 , 0.005600 , 10.941000
375.500000 , 51.925000 , 4.942100 , 6.489316 , 1.805700 , 63.671800 , -0.286800 , 0.027000 , 3.192800 , 0.019987 , 7.235000 , 54.313000 , 0.000000 , 1000.227300 , 0.179000 , 0.005600 , 10.836000
376.500000 , 52.103000 , 4.936700 , 6.552512 , 1.813500 , 63.548100 , -0.288600 , 0.027000 , 3.127900 , 0.019987 , 7.232000 , 54.494000 , 0.010000 , 1000.228400 , 0.204000 , 0.005600 , 10.943000
377.500000 , 52.313000 , 4.929500 , 6.463974 , 1.819400 , 63.454300 , -0.289000 , 0.029000 , 3.043500 , 0.019987 , 7.227000 , 54.708000 , -0.020000 , 1000.229500 , 0.193000 , 0.005500 , 10.798000
378.562500 , 52.525500 , 4.918450 , 6.516549 , 1.847600 , 63.008550 , -0.287900 , 0.027000 , 3.081400 , 0.019987 , 7.225500 , 54.925000 , -0.010000 , 1000.230750 , 0.182500 , 0.005600 , 10.890500
379.562500 , 52.687000 , 4.917300 , 6.527173 , 1.862450 , 62.775150 , -0.288600 , 0.026500 , 3.100900 , 0.019987 , 7.223000 , 55.090000 , 0.020000 , 1000.231500 , 0.184500 , 0.005600 , 10.907500
380.562500 , 52.882000 , 4.913900 , 6.557469 , 1.870450 , 62.649650 , -0.287650 , 0.028500 , 3.060450 , 0.019987 , 7.224000 , 55.288500 , 0.010000 , 1000.232550 , 0.197500 , 0.005600 , 10.960500
381.500000 , 53.079000 , 4.911800 , 6.624895 , 1.887700 , 62.380800 , -0.289100 , 0.031000 , 3.058900 , 0.019987 , 7.222000 , 55.490000 , -0.000000 , 1000.233600 , 0.210000 , 0.005600 , 11.074000
382.500000 , 53.280000 , 4.911300 , 6.633956 , 1.881800 , 62.472800 , -0.288300 , 0.029000 , 3.004200 , 0.019987 , 7.221000 , 55.694000 , -0.020000 , 1000.234600 , 0.187000 , 0.005600 , 11.089000
383.625000 , 53.486000 , 4.907500 , 6.576765 , 1.900700 , 62.177700 , -0.287700 , 0.026000 , 2.980200 , 0.019987 , 7.222000 , 55.905000 , 0.020000 , 1000.235600 , 0.179000 , 0.005600 , 10.995000
384.687500 , 53.686000 , 4.906000 , 6.576189 , 1.938350 , 61.595000 , -0.286750 , 0.031000 , 2.949200 , 0.019987 , 7.218000 , 56.108500 , 0.000000 , 1000.236600 , 0.195000 , 0.005600 , 10.994500
