analysis/ctd/Lake Eleanor Sept14_down.txt
* Sea-Bird SBE19plus Data File:
* FileName = C:\Documents and Settings\Field User\Desktop\Lake Eleanor Sept14.hex
* Software Version 1.59
* Temperature SN =  4558
* Conductivity SN =  4558
* System UpLoad Time = Sep 17 2014 16:46:56
** Lake Eleanor Rim Fire sampling Sept 2014
* ds
# nquan = 16                                
# nvalues = 2095                        
# units = specified
# name 0 = timeS: Time, Elapsed [seconds]
# name 1 = prdM: Pressure, Strain Gauge [db]
# name 2 = tv290C: Temperature [ITS-90, deg C]
# name 3 = c0uS/cm: Conductivity [uS/cm]
# name 4 = CStarAt0: Beam Attenuation, WET Labs C-Star [1/m]
# name 5 = CStarTr0: Beam Transmission, WET Labs C-Star [%]
# name 6 = chloroflTC0: Chlorophyll, Turner Cyclops [ug/l]
# name 7 = seaTurbMtr: Turbidity, Seapoint [FTU]
# name 8 = sbeox0Mg/L: Oxygen, SBE 43 [mg/l]
# name 9 = depFM: Depth [fresh water, m], lat = 0
# name 10 = accM: Acceleration [m/s^2], WS = 2
# name 11 = density00: Density [density, kg/m^3]
# name 12 = dz/dtM: Descent Rate [m/s], WS = 2
# name 13 = sal00: Salinity, Practical [PSU]
# name 14 = specc: Specific Conductance [uS/cm]
# name 15 = flag: flag
# span 0 =      0.000,    523.500       
# span 1 =     -1.573,     55.938       
# span 2 =     4.9235,    30.2269       
# span 3 =  -0.107505,  17.166574       
# span 4 =     0.5037,    16.6121       
# span 5 =     4.3324,    88.1682       
# span 6 =     0.0000,    11.5496       
# span 7 =      0.000,      4.328       
# span 8 =     0.4741,    10.4200       
# span 9 =     -1.604,     57.041       
# span 10 =      -0.17,       0.08      
# span 11 =   995.5732,  1000.2484      
# span 12 =     -0.407,      0.274      
# span 13 =     0.0000,     0.0164      
# span 14 =     -0.097,     17.793      
# span 15 = 0.0000e+00, 0.0000e+00      
# interval = seconds: 0.25
# start_time = Sep 11 2014 16:13:35 [Instrument's time stamp, header]
# bad_flag = -9.990e-29
*END*
[from data line 175]
258.000000 , 33.799000 , 5.380800 , 7.693541 , 0.721000 , 83.507700 , 2.108300 , 0.119000 , 4.261900 , 36.103000 , 0.000000 , 1000.130500 , 0.243000 , 0.006600 , 12.661000 , 0.000000
258.750000 , 33.979000 , 5.372900 , 7.713464 , 0.743200 , 83.044200 , 2.109700 , 0.119000 , 4.199900 , 36.287000 , -0.000000 , 1000.131600 , 0.243000 , 0.006600 , 12.697000 , 0.000000
259.625000 , 34.194000 , 5.365650 , 7.757561 , 0.759100 , 82.715500 , 2.093600 , 0.137500 , 4.166650 , 36.506500 , 0.000000 , 1000.132800 , 0.244000 , 0.006600 , 12.773000 , 0.000000
260.500000 , 34.408000 , 5.358400 , 7.760541 , 0.777800 , 82.329900 , 2.077200 , 0.164000 , 4.172300 , 36.724000 , -0.000000 , 1000.134000 , 0.243000 , 0.006600 , 12.781000 , 0.000000
261.250000 , 34.588000 , 5.352700 , 7.751326 , 0.806700 , 81.738700 , 2.064200 , 0.190000 , 4.180800 , 36.908000 , -0.000000 , 1000.135000 , 0.242000 , 0.006600 , 12.768000 , 0.000000
262.000000 , 34.770000 , 5.345000 , 7.708176 , 0.839900 , 81.062000 , 2.065700 , 0.198000 , 4.177900 , 37.094000 , -0.000000 , 1000.136100 , 0.240000 , 0.006500 , 12.700000 , 0.000000
262.875000 , 34.977500 , 5.340150 , 7.709680 , 0.856650 , 80.722550 , 2.053850 , 0.189500 , 4.156900 , 37.305000 , 0.000000 , 1000.137150 , 0.237500 , 0.006550 , 12.705000 , 0.000000
263.750000 , 35.186000 , 5.336200 , 7.725747 , 0.852300 , 80.809300 , 2.052000 , 0.163000 , 4.096400 , 37.518000 , 0.000000 , 1000.138300 , 0.236000 , 0.006600 , 12.733000 , 0.000000
264.500000 , 35.361000 , 5.333700 , 7.716398 , 0.842800 , 81.002900 , 2.060800 , 0.159000 , 4.010900 , 37.696000 , 0.000000 , 1000.139200 , 0.237000 , 0.006500 , 12.718000 , 0.000000
265.250000 , 35.541000 , 5.330100 , 7.750533 , 0.837100 , 81.116700 , 2.039700 , 0.172000 , 3.919500 , 37.880000 , 0.000000 , 1000.140200 , 0.239000 , 0.006600 , 12.776000 , 0.000000
266.250000 , 35.780000 , 5.316500 , 7.781924 , 0.844000 , 80.979000 , 2.014900 , 0.199000 , 3.824800 , 38.123000 , -0.000000 , 1000.141700 , 0.236000 , 0.006600 , 12.833000 , 0.000000
267.000000 , 35.954000 , 5.308400 , 7.788908 , 0.863100 , 80.593400 , 2.004100 , 0.238000 , 3.778300 , 38.301000 , -0.000000 , 1000.142700 , 0.234000 , 0.006600 , 12.849000 , 0.000000
267.875000 , 36.160500 , 5.299550 , 7.809364 , 0.910150 , 79.654000 , 2.008000 , 0.275500 , 3.741000 , 38.511500 , 0.000000 , 1000.143950 , 0.233500 , 0.006600 , 12.886000 , 0.000000
268.750000 , 36.362000 , 5.294500 , 7.775224 , 0.973300 , 78.407900 , 2.013900 , 0.300000 , 3.712300 , 38.717000 , 0.000000 , 1000.145000 , 0.235000 , 0.006600 , 12.832000 , 0.000000
269.500000 , 36.543000 , 5.291100 , 7.797459 , 1.021600 , 77.466000 , 2.008700 , 0.308000 , 3.685400 , 38.901000 , 0.000000 , 1000.146000 , 0.237000 , 0.006600 , 12.870000 , 0.000000
270.250000 , 36.718000 , 5.284800 , 7.806179 , 1.057100 , 76.780700 , 2.026300 , 0.315000 , 3.654600 , 39.080000 , 0.000000 , 1000.147000 , 0.240000 , 0.006600 , 12.887000 , 0.000000
271.125000 , 36.932500 , 5.276050 , 7.805089 , 1.101450 , 75.933400 , 2.068550 , 0.340000 , 3.624050 , 39.299000 , 0.000000 , 1000.148200 , 0.243500 , 0.006600 , 12.889000 , 0.000000
272.000000 , 37.146000 , 5.269900 , 7.841880 , 1.141500 , 75.174000 , 2.103100 , 0.361000 , 3.612400 , 39.516000 , -0.010000 , 1000.149400 , 0.240000 , 0.006600 , 12.953000 , 0.000000
272.750000 , 37.323000 , 5.265400 , 7.844776 , 1.163200 , 74.767200 , 2.090900 , 0.371000 , 3.604000 , 39.697000 , -0.000000 , 1000.150400 , 0.237000 , 0.006600 , 12.959000 , 0.000000
273.500000 , 37.501000 , 5.258300 , 7.812460 , 1.185000 , 74.361100 , 2.054900 , 0.391000 , 3.576600 , 39.878000 , 0.000000 , 1000.151400 , 0.239000 , 0.006600 , 12.909000 , 0.000000
274.375000 , 37.711500 , 5.247250 , 7.784803 , 1.219450 , 73.724200 , 2.065850 , 0.424000 , 3.524100 , 40.093000 , -0.005000 , 1000.152600 , 0.238000 , 0.006600 , 12.868500 , 0.000000
275.250000 , 37.917000 , 5.239700 , 7.798967 , 1.236200 , 73.414500 , 2.099100 , 0.444000 , 3.482200 , 40.303000 , -0.010000 , 1000.153800 , 0.231000 , 0.006600 , 12.895000 , 0.000000
276.125000 , 38.116500 , 5.233150 , 7.812688 , 1.237900 , 73.383800 , 2.101650 , 0.454000 , 3.464850 , 40.506000 , 0.000000 , 1000.154900 , 0.228000 , 0.006600 , 12.919500 , 0.000000
277.000000 , 38.316000 , 5.223200 , 7.800122 , 1.254500 , 73.081200 , 2.077600 , 0.506000 , 3.469200 , 40.709000 , -0.010000 , 1000.156100 , 0.225000 , 0.006600 , 12.904000 , 0.000000
277.875000 , 38.510000 , 5.214200 , 7.817087 , 1.291000 , 72.416450 , 2.046600 , 0.498000 , 3.480600 , 40.907500 , 0.000000 , 1000.157250 , 0.221500 , 0.006600 , 12.935000 , 0.000000
278.750000 , 38.704000 , 5.202000 , 7.816532 , 1.326900 , 71.771000 , 2.029800 , 0.450000 , 3.473100 , 41.105000 , 0.000000 , 1000.158400 , 0.221000 , 0.006600 , 12.940000 , 0.000000
279.625000 , 38.896500 , 5.194050 , 7.820310 , 1.317750 , 71.935000 , 2.023650 , 0.398000 , 3.444100 , 41.301000 , 0.010000 , 1000.159550 , 0.227000 , 0.006600 , 12.949000 , 0.000000
280.500000 , 39.101000 , 5.187200 , 7.846644 , 1.287400 , 72.482200 , 2.008600 , 0.378000 , 3.402400 , 41.510000 , 0.000000 , 1000.160700 , 0.231000 , 0.006600 , 12.996000 , 0.000000
281.250000 , 39.272000 , 5.184600 , 7.859666 , 1.256900 , 73.036600 , 2.007200 , 0.371000 , 3.358500 , 41.684000 , 0.000000 , 1000.161600 , 0.232000 , 0.006600 , 13.018000 , 0.000000
282.125000 , 39.478500 , 5.182900 , 7.834747 , 1.226500 , 73.594200 , 2.004150 , 0.385000 , 3.311200 , 41.895000 , 0.000000 , 1000.162650 , 0.235500 , 0.006600 , 12.978000 , 0.000000
283.000000 , 39.684000 , 5.180400 , 7.800772 , 1.219000 , 73.732200 , 2.023500 , 0.421000 , 3.267100 , 42.104000 , -0.000000 , 1000.163700 , 0.236000 , 0.006500 , 12.924000 , 0.000000
283.750000 , 39.861000 , 5.175700 , 7.809454 , 1.233100 , 73.473200 , 2.104900 , 0.457000 , 3.220700 , 42.285000 , -0.000000 , 1000.164600 , 0.236000 , 0.006500 , 12.940000 , 0.000000
284.625000 , 40.067500 , 5.170000 , 7.807161 , 1.278100 , 72.652900 , 2.089850 , 0.479500 , 3.165300 , 42.495500 , 0.000000 , 1000.165750 , 0.232000 , 0.006500 , 12.938000 , 0.000000
285.500000 , 40.267000 , 5.165700 , 7.821499 , 1.318200 , 71.927400 , 2.072100 , 0.503000 , 3.127900 , 42.699000 , -0.010000 , 1000.166800 , 0.227000 , 0.006500 , 12.964000 , 0.000000
286.375000 , 40.464500 , 5.160550 , 7.843773 , 1.349150 , 71.372500 , 2.029650 , 0.526500 , 3.114650 , 42.900000 , 0.000000 , 1000.167900 , 0.223500 , 0.006600 , 13.002500 , 0.000000
287.250000 , 40.659000 , 5.151900 , 7.855286 , 1.393700 , 70.582900 , 2.020800 , 0.550000 , 3.117900 , 43.099000 , -0.000000 , 1000.169000 , 0.221000 , 0.006600 , 13.026000 , 0.000000
288.125000 , 40.850000 , 5.145550 , 7.873896 , 1.435950 , 69.840350 , 2.020300 , 0.536000 , 3.133550 , 43.293500 , -0.010000 , 1000.170050 , 0.214000 , 0.006600 , 13.059000 , 0.000000
289.125000 , 41.060500 , 5.137550 , 7.858356 , 1.462200 , 69.382350 , 1.997500 , 0.497500 , 3.168600 , 43.508000 , -0.010000 , 1000.171250 , 0.209000 , 0.006600 , 13.037000 , 0.000000
290.125000 , 41.265500 , 5.128250 , 7.830747 , 1.456800 , 69.475650 , 2.022000 , 0.442000 , 3.210950 , 43.717000 , -0.010000 , 1000.172450 , 0.202000 , 0.006500 , 12.995000 , 0.000000
291.125000 , 41.466500 , 5.117050 , 7.834803 , 1.424250 , 70.044850 , 2.014050 , 0.404000 , 3.229450 , 43.922000 , -0.005000 , 1000.173650 , 0.196000 , 0.006500 , 13.006500 , 0.000000
292.125000 , 41.657500 , 5.108300 , 7.834803 , 1.388200 , 70.680650 , 1.996100 , 0.362500 , 3.207500 , 44.117000 , 0.000000 , 1000.174750 , 0.193000 , 0.006500 , 13.010500 , 0.000000
293.125000 , 41.849500 , 5.101600 , 7.810271 , 1.337900 , 71.576650 , 1.962700 , 0.326000 , 3.152300 , 44.313000 , 0.000000 , 1000.175800 , 0.194500 , 0.006500 , 12.972500 , 0.000000
294.125000 , 42.049000 , 5.094900 , 7.791305 , 1.260200 , 72.980200 , 1.959950 , 0.334000 , 3.103300 , 44.516500 , 0.010000 , 1000.176900 , 0.202000 , 0.006500 , 12.944000 , 0.000000
295.000000 , 42.227000 , 5.091700 , 7.822666 , 1.226400 , 73.597300 , 1.969700 , 0.353000 , 3.077200 , 44.698000 , 0.010000 , 1000.177800 , 0.211000 , 0.006500 , 12.998000 , 0.000000
295.875000 , 42.417500 , 5.088150 , 7.834207 , 1.207750 , 73.939500 , 1.964550 , 0.368500 , 3.058400 , 44.892000 , 0.010000 , 1000.178850 , 0.217500 , 0.006500 , 13.018500 , 0.000000
296.750000 , 42.609000 , 5.083900 , 7.846834 , 1.223200 , 73.654500 , 1.959600 , 0.375000 , 3.043800 , 45.087000 , 0.000000 , 1000.179900 , 0.220000 , 0.006500 , 13.041000 , 0.000000
297.625000 , 42.801500 , 5.080600 , 7.848753 , 1.256100 , 73.052050 , 1.957650 , 0.366000 , 3.025250 , 45.283000 , 0.005000 , 1000.180850 , 0.223000 , 0.006500 , 13.045500 , 0.000000
298.500000 , 43.000000 , 5.076800 , 7.843302 , 1.274300 , 72.718600 , 1.947000 , 0.378000 , 2.998900 , 45.486000 , 0.010000 , 1000.181900 , 0.229000 , 0.006500 , 13.038000 , 0.000000
299.375000 , 43.202000 , 5.074000 , 7.848021 , 1.270150 , 72.793800 , 1.947450 , 0.383000 , 2.977650 , 45.691500 , 0.000000 , 1000.182950 , 0.232500 , 0.006500 , 13.047000 , 0.000000
300.250000 , 43.407000 , 5.070700 , 7.871609 , 1.270600 , 72.787000 , 1.951800 , 0.374000 , 2.962500 , 45.901000 , 0.000000 , 1000.184000 , 0.233000 , 0.006500 , 13.088000 , 0.000000
301.125000 , 43.611500 , 5.066850 , 7.846667 , 1.269400 , 72.807750 , 1.947200 , 0.364500 , 2.933550 , 46.109000 , 0.000000 , 1000.185150 , 0.233000 , 0.006500 , 13.048500 , 0.000000
302.000000 , 43.814000 , 5.062800 , 7.857656 , 1.275200 , 72.702600 , 1.937400 , 0.343000 , 2.884600 , 46.316000 , 0.000000 , 1000.186200 , 0.233000 , 0.006500 , 13.068000 , 0.000000
302.750000 , 43.990000 , 5.061000 , 7.898900 , 1.280000 , 72.614900 , 1.943900 , 0.359000 , 2.833800 , 46.495000 , 0.000000 , 1000.187100 , 0.234000 , 0.006500 , 13.138000 , 0.000000
303.625000 , 44.194500 , 5.061000 , 7.921509 , 1.283600 , 72.550600 , 1.944000 , 0.396500 , 2.774750 , 46.704000 , 0.000000 , 1000.188150 , 0.235000 , 0.006600 , 13.175000 , 0.000000
304.500000 , 44.401000 , 5.059600 , 7.904007 , 1.313500 , 72.012900 , 1.956600 , 0.459000 , 2.725600 , 46.914000 , -0.000000 , 1000.189100 , 0.235000 , 0.006600 , 13.147000 , 0.000000
305.250000 , 44.576000 , 5.057700 , 7.898791 , 1.360900 , 71.164800 , 1.981600 , 0.505000 , 2.693800 , 47.093000 , 0.000000 , 1000.190000 , 0.236000 , 0.006500 , 13.139000 , 0.000000
306.125000 , 44.785000 , 5.056000 , 7.886735 , 1.414750 , 70.214900 , 1.983800 , 0.528500 , 2.664950 , 47.306000 , 0.000000 , 1000.191050 , 0.240000 , 0.006500 , 13.119500 , 0.000000
307.000000 , 44.996000 , 5.053400 , 7.861808 , 1.485100 , 68.991000 , 1.981000 , 0.547000 , 2.644800 , 47.521000 , 0.010000 , 1000.192200 , 0.243000 , 0.006500 , 13.079000 , 0.000000
307.750000 , 45.180000 , 5.050400 , 7.878347 , 1.531100 , 68.199200 , 1.980200 , 0.552000 , 2.630000 , 47.709000 , 0.010000 , 1000.193100 , 0.248000 , 0.006500 , 13.108000 , 0.000000
308.500000 , 45.367000 , 5.047800 , 7.913148 , 1.558300 , 67.736100 , 1.975700 , 0.564000 , 2.613200 , 47.899000 , 0.010000 , 1000.194100 , 0.252000 , 0.006600 , 13.167000 , 0.000000
309.250000 , 45.557000 , 5.044600 , 7.926458 , 1.578200 , 67.398600 , 1.977900 , 0.572000 , 2.598000 , 48.093000 , 0.010000 , 1000.195100 , 0.257000 , 0.006600 , 13.190000 , 0.000000
310.000000 , 45.753000 , 5.040500 , 7.923208 , 1.597400 , 67.076500 , 1.977900 , 0.567000 , 2.587700 , 48.293000 , 0.000000 , 1000.196100 , 0.257000 , 0.006600 , 13.187000 , 0.000000
310.750000 , 45.943000 , 5.037500 , 7.898043 , 1.613800 , 66.802200 , 1.968600 , 0.549000 , 2.579500 , 48.487000 , -0.010000 , 1000.197100 , 0.252000 , 0.006500 , 13.146000 , 0.000000
311.500000 , 46.130000 , 5.034600 , 7.915914 , 1.615600 , 66.770900 , 1.965400 , 0.543000 , 2.571100 , 48.677000 , -0.010000 , 1000.198100 , 0.246000 , 0.006500 , 13.177000 , 0.000000
312.375000 , 46.341000 , 5.033250 , 7.923038 , 1.610500 , 66.856300 , 1.958100 , 0.551500 , 2.557900 , 48.892500 , -0.005000 , 1000.199150 , 0.240500 , 0.006600 , 13.190000 , 0.000000
313.250000 , 46.551000 , 5.032200 , 7.929052 , 1.601900 , 67.000200 , 1.977600 , 0.557000 , 2.545500 , 49.107000 , -0.000000 , 1000.200200 , 0.238000 , 0.006600 , 13.200000 , 0.000000
314.000000 , 46.728000 , 5.031500 , 7.931750 , 1.600100 , 67.029900 , 1.978000 , 0.552000 , 2.535900 , 49.287000 , -0.000000 , 1000.201100 , 0.237000 , 0.006600 , 13.205000 , 0.000000
314.875000 , 46.935000 , 5.029550 , 7.868092 , 1.595700 , 67.103600 , 1.989050 , 0.569000 , 2.519950 , 49.498500 , 0.000000 , 1000.202050 , 0.237500 , 0.006500 , 13.100000 , 0.000000
315.750000 , 47.143000 , 5.027200 , 7.879499 , 1.595500 , 67.107200 , 1.989000 , 0.608000 , 2.507900 , 49.710000 , -0.000000 , 1000.203200 , 0.238000 , 0.006500 , 13.120000 , 0.000000
316.500000 , 47.321000 , 5.024800 , 7.913921 , 1.598900 , 67.049800 , 1.997300 , 0.622000 , 2.497800 , 49.892000 , -0.000000 , 1000.204100 , 0.236000 , 0.006500 , 13.178000 , 0.000000
317.375000 , 47.527500 , 5.019700 , 7.907554 , 1.600750 , 67.019600 , 2.007350 , 0.639000 , 2.478400 , 50.102500 , 0.000000 , 1000.205200 , 0.234500 , 0.006500 , 13.170000 , 0.000000
318.250000 , 47.732000 , 5.010900 , 7.885232 , 1.599300 , 67.043000 , 2.011700 , 0.592000 , 2.454400 , 50.311000 , -0.000000 , 1000.206300 , 0.233000 , 0.006500 , 13.138000 , 0.000000
319.000000 , 47.906000 , 5.002800 , 7.885949 , 1.602100 , 66.996400 , 1.985000 , 0.540000 , 2.436100 , 50.489000 , 0.000000 , 1000.207300 , 0.233000 , 0.006500 , 13.141000 , 0.000000
319.875000 , 48.110000 , 4.994550 , 7.889311 , 1.595750 , 67.103700 , 1.963150 , 0.494500 , 2.413050 , 50.696500 , 0.000000 , 1000.208500 , 0.235500 , 0.006500 , 13.150500 , 0.000000
320.750000 , 48.317000 , 4.989700 , 7.900641 , 1.575600 , 67.443300 , 1.957700 , 0.475000 , 2.387700 , 50.908000 , -0.000000 , 1000.209600 , 0.235000 , 0.006500 , 13.171000 , 0.000000
321.500000 , 48.492000 , 4.987200 , 7.906943 , 1.547600 , 67.917700 , 1.949800 , 0.455000 , 2.372300 , 51.086000 , -0.000000 , 1000.210500 , 0.232000 , 0.006500 , 13.183000 , 0.000000
322.375000 , 48.694500 , 4.985250 , 7.906692 , 1.517000 , 68.438100 , 1.955400 , 0.443000 , 2.357800 , 51.292500 , 0.000000 , 1000.211550 , 0.229000 , 0.006500 , 13.183500 , 0.000000
323.250000 , 48.892000 , 4.984200 , 7.910794 , 1.511400 , 68.533700 , 1.966400 , 0.449000 , 2.341300 , 51.494000 , -0.000000 , 1000.212500 , 0.226000 , 0.006500 , 13.191000 , 0.000000
324.125000 , 49.090000 , 4.980700 , 7.927782 , 1.512700 , 68.511350 , 1.973250 , 0.445000 , 2.331200 , 51.695500 , 0.000000 , 1000.213550 , 0.224000 , 0.006500 , 13.221000 , 0.000000
325.000000 , 49.283000 , 4.976900 , 7.921251 , 1.519500 , 68.394600 , 1.948800 , 0.428000 , 2.327200 , 51.893000 , 0.000000 , 1000.214600 , 0.225000 , 0.006500 , 13.212000 , 0.000000
325.875000 , 49.484000 , 4.973100 , 7.917979 , 1.518500 , 68.411700 , 1.941050 , 0.398500 , 2.321150 , 52.097500 , 0.000000 , 1000.215650 , 0.228500 , 0.006500 , 13.208000 , 0.000000
326.750000 , 49.684000 , 4.969900 , 7.943524 , 1.510300 , 68.552400 , 1.939500 , 0.374000 , 2.308800 , 52.302000 , 0.000000 , 1000.216700 , 0.230000 , 0.006500 , 13.252000 , 0.000000
327.625000 , 49.887000 , 4.967100 , 7.944102 , 1.498700 , 68.752050 , 1.943600 , 0.374500 , 2.282600 , 52.508500 , 0.000000 , 1000.217750 , 0.233000 , 0.006500 , 13.254000 , 0.000000
328.500000 , 50.092000 , 4.963800 , 7.915860 , 1.484200 , 69.001400 , 1.945300 , 0.396000 , 2.244100 , 52.718000 , 0.000000 , 1000.218800 , 0.235000 , 0.006500 , 13.209000 , 0.000000
329.250000 , 50.270000 , 4.959400 , 7.899172 , 1.458100 , 69.454700 , 1.940800 , 0.384000 , 2.207600 , 52.899000 , -0.000000 , 1000.219700 , 0.235000 , 0.006500 , 13.182000 , 0.000000
330.125000 , 50.474000 , 4.955550 , 7.953008 , 1.440500 , 69.759900 , 1.971000 , 0.377000 , 2.159350 , 53.107500 , 0.000000 , 1000.220750 , 0.236000 , 0.006500 , 13.274500 , 0.000000
331.000000 , 50.683000 , 4.951700 , 7.952158 , 1.445900 , 69.664700 , 2.002000 , 0.403000 , 2.102200 , 53.320000 , -0.000000 , 1000.221900 , 0.237000 , 0.006500 , 13.274000 , 0.000000
