analysis/ctd/Lake Eleanor_Rimfire_down.txt
* Sea-Bird SBE25 Data File:
* FileName = C:\Documents and Settings\Field User\Desktop\Lake Eleanor_Rimfire.hex
* Software Version 1.59
* Temperature SN = 2360
* Conductivity SN = 2021
* System UpLoad Time = Apr 03 2014 16:39:24
** Lake Eleanor Rim Fire Project spring sampling event
* ds
# nquan = 18                                
# nvalues = 5290                        
# units = specified
# name 0 = timeS: Time, Elapsed [seconds]
# name 1 = prSM: Pressure, Strain Gauge [db]
# name 2 = t090C: Temperature [ITS-90, deg C]
# name 3 = c0uS/cm: Conductivity [uS/cm]
# name 4 = bat: Beam Attenuation, Chelsea/Seatech [1/m]
# name 5 = xmiss: Beam Transmission, Chelsea/Seatech [%]
# name 6 = wetStar: Fluorescence, WET Labs WETstar [mg/m^3]
# name 7 = seaTurbMtr: Turbidity, Seapoint [FTU]
# name 8 = sbeox0Mg/L: Oxygen, SBE 43 [mg/l]
# name 9 = par: PAR/Irradiance, Biospherical/Licor
# name 10 = ph: pH
# name 11 = depFM: Depth [fresh water, m], lat = 0
# name 12 = accM: Acceleration [m/s^2], WS = 2
# name 13 = density00: Density [density, kg/m^3]
# name 14 = dz/dtM: Descent Rate [m/s], WS = 2
# name 15 = sal00: Salinity, Practical [PSU]
# name 16 = specc: Specific Conductance [uS/cm]
# span 0 =      0.000,    661.125       
# span 1 =     -2.497,     50.515       
# span 2 =     4.7228,     9.2079       
# span 3 =  -0.384258,  19.486784       
# span 4 =     0.3967,    11.0880       
# span 5 =     6.7873,    90.6953       
# span 6 =    -0.2973,    -0.2805       
# span 7 =      0.021,      0.034       
# span 8 =     2.9894,     8.1034       
# span 9 = 1.9987e-02, 1.2237e+03       
# span 10 =      5.198,      7.978      
# span 11 =     -2.546,     51.511      
# span 12 =      -0.30,       0.59      
# span 13 =   999.7626,  1000.2235      
# span 14 =     -0.422,      0.259      
# span 15 =     0.0000,     0.0151      
# span 16 =     -0.633,     29.322      
# span 17 = 0.0000e+00, 0.0000e+00      
# interval = seconds: 0.125
# start_time = Apr 02 2014 16:50:30 [Instrument's time stamp, header]
# bad_flag = -9.990e-29
*END*
194.687500 , -1.688000 , 9.187250 , 6.806950 , 0.862900 , 80.595550 , -0.290900 , 0.027000 , 4.802800 , 235.965000 , 7.549500 , 1.117500 , 0.000000 , 999.766950 , 0.156000 , 0.007700 , 9.954000
195.875000 , -1.511000 , 9.187700 , 6.952477 , 0.860400 , 80.645800 , -0.293800 , 0.026000 , 4.809500 , 216.960000 , 7.529000 , 1.297500 , 0.000000 , 999.767900 , 0.156000 , 0.007700 , 10.167000
197.125000 , -1.316000 , 9.187100 , 6.707183 , 0.859000 , 80.675100 , -0.289100 , 0.026000 , 4.815900 , 200.510000 , 7.505000 , 1.496500 , -0.020000 , 999.768700 , 0.151000 , 0.007600 , 9.809000
198.562500 , -1.122000 , 9.184200 , 6.842044 , 0.860700 , 80.640650 , -0.289800 , 0.028000 , 4.807600 , 183.850000 , 7.480000 , 1.694500 , 0.000000 , 999.769950 , 0.128000 , 0.007700 , 10.007000
200.062500 , -0.928500 , 9.181800 , 6.846903 , 0.863300 , 80.588900 , -0.288150 , 0.026500 , 4.820950 , 169.150000 , 7.462000 , 1.892000 , 0.000000 , 999.771100 , 0.133500 , 0.007700 , 10.014500
201.625000 , -0.721000 , 9.180500 , 6.844108 , 0.865000 , 80.553100 , -0.288400 , 0.026000 , 4.835900 , 154.060000 , 7.442000 , 2.103500 , -0.010000 , 999.772200 , 0.120000 , 0.007700 , 10.012000
203.125000 , -0.533000 , 9.177900 , 6.825616 , 0.862200 , 80.611400 , -0.287900 , 0.029000 , 4.839500 , 142.780000 , 7.423000 , 2.294500 , 0.040000 , 999.773200 , 0.155000 , 0.007700 , 9.985000
204.312500 , -0.325500 , 9.170000 , 6.795421 , 0.859850 , 80.657500 , -0.290400 , 0.027000 , 4.841850 , 134.585000 , 7.405000 , 2.506500 , 0.020000 , 999.774850 , 0.186000 , 0.007650 , 9.943000
205.312500 , -0.135500 , 9.170000 , 6.764830 , 0.860800 , 80.638000 , -0.287750 , 0.029000 , 4.851050 , 128.645000 , 7.394000 , 2.700500 , 0.000000 , 999.775750 , 0.186500 , 0.007600 , 9.898000
206.375000 , 0.060000 , 9.166500 , 6.721174 , 0.858300 , 80.688400 , -0.288500 , 0.029000 , 4.871500 , 122.970000 , 7.379000 , 2.899500 , -0.000000 , 999.777000 , 0.182000 , 0.007600 , 9.834000
207.500000 , 0.263000 , 9.168500 , 6.769826 , 0.860400 , 80.646200 , -0.291000 , 0.027000 , 4.860500 , 115.920000 , 7.375000 , 3.106500 , -0.020000 , 999.777600 , 0.176000 , 0.007600 , 9.908000
208.750000 , 0.460000 , 9.153000 , 6.790504 , 0.858300 , 80.688900 , -0.290900 , 0.026000 , 4.888900 , 110.500000 , 7.368000 , 3.307500 , -0.010000 , 999.779900 , 0.141000 , 0.007600 , 9.941000
210.062500 , 0.645500 , 9.128650 , 6.795752 , 0.861000 , 80.634350 , -0.288150 , 0.028500 , 4.896450 , 102.870000 , 7.366500 , 3.497000 , 0.010000 , 999.782650 , 0.149000 , 0.007600 , 9.955500
211.375000 , 0.841000 , 9.133200 , 6.770542 , 0.858900 , 80.676700 , -0.291700 , 0.029000 , 4.923000 , 96.639000 , 7.354000 , 3.696500 , 0.000000 , 999.783100 , 0.147000 , 0.007600 , 9.918000
212.625000 , 1.038000 , 9.104700 , 6.821347 , 0.855800 , 80.738800 , -0.289100 , 0.025000 , 4.932200 , 90.317000 , 7.349000 , 3.896500 , 0.010000 , 999.786600 , 0.166000 , 0.007600 , 10.001000
213.812500 , 1.226500 , 9.089150 , 6.775967 , 0.867050 , 80.512550 , -0.291500 , 0.027000 , 4.923600 , 84.299500 , 7.344000 , 4.089000 , 0.000000 , 999.788400 , 0.165000 , 0.007600 , 9.942000
215.062500 , 1.439000 , 9.027900 , 6.855811 , 0.858100 , 80.692800 , -0.288150 , 0.026000 , 4.939300 , 78.770500 , 7.338500 , 4.306000 , 0.010000 , 999.794100 , 0.167500 , 0.007600 , 10.073500
216.187500 , 1.638000 , 9.003150 , 6.775479 , 0.857650 , 80.700400 , -0.291800 , 0.026500 , 4.945950 , 74.360500 , 7.337000 , 4.509000 , 0.000000 , 999.797000 , 0.177000 , 0.007600 , 9.961000
217.312500 , 1.826000 , 9.005150 , 6.894788 , 0.864450 , 80.565050 , -0.290450 , 0.028000 , 4.951200 , 70.797000 , 7.334500 , 4.700500 , -0.010000 , 999.797650 , 0.156500 , 0.007600 , 10.143000
218.500000 , 2.008000 , 8.948700 , 6.857775 , 0.876100 , 80.330200 , -0.285400 , 0.030000 , 4.967700 , 66.337000 , 7.336000 , 4.886500 , 0.020000 , 999.802700 , 0.169000 , 0.007600 , 10.100000
219.750000 , 2.221000 , 8.896800 , 6.753114 , 0.874900 , 80.354500 , -0.291400 , 0.029000 , 4.973400 , 61.988000 , 7.335000 , 5.103500 , -0.030000 , 999.807500 , 0.146000 , 0.007500 , 9.957000
221.062500 , 2.387500 , 8.876700 , 6.761457 , 0.877850 , 80.294600 , -0.290050 , 0.029000 , 4.979750 , 57.463500 , 7.340000 , 5.273000 , 0.045000 , 999.809700 , 0.154500 , 0.007500 , 9.981000
222.250000 , 2.617000 , 8.816200 , 6.894641 , 0.875800 , 80.335100 , -0.288600 , 0.028000 , 4.981500 , 53.951000 , 7.340000 , 5.507500 , -0.000000 , 999.815300 , 0.193000 , 0.007600 , 10.195000
223.312500 , 2.816000 , 8.811250 , 6.859481 , 0.872550 , 80.401550 , -0.289200 , 0.027500 , 4.987200 , 51.083500 , 7.343500 , 5.710000 , -0.010000 , 999.816600 , 0.183500 , 0.007500 , 10.145000
224.375000 , 3.002000 , 8.786400 , 6.772315 , 0.872800 , 80.397200 , -0.287800 , 0.028000 , 5.007600 , 48.167000 , 7.343000 , 5.899500 , 0.010000 , 999.819200 , 0.180000 , 0.007500 , 10.019000
225.437500 , 3.208000 , 8.760950 , 6.814805 , 0.872950 , 80.393350 , -0.291250 , 0.029500 , 5.031850 , 45.456500 , 7.345500 , 6.110000 , 0.005000 , 999.822000 , 0.195500 , 0.007500 , 10.088500
226.437500 , 3.401000 , 8.730000 , 6.820370 , 0.871650 , 80.419050 , -0.292700 , 0.026500 , 5.028750 , 42.802000 , 7.344000 , 6.306500 , -0.010000 , 999.825150 , 0.186000 , 0.007500 , 10.109500
227.500000 , 3.590000 , 8.672900 , 6.839150 , 0.870600 , 80.440800 , -0.289800 , 0.028000 , 5.042800 , 40.087000 , 7.344000 , 6.499500 , -0.010000 , 999.830100 , 0.178000 , 0.007500 , 10.155000
228.687500 , 3.794500 , 8.496050 , 6.818528 , 0.876900 , 80.313750 , -0.289250 , 0.028500 , 5.058900 , 37.747500 , 7.340000 , 6.708000 , -0.015000 , 999.843150 , 0.161500 , 0.007400 , 10.177500
229.812500 , 3.974000 , 8.318700 , 6.757407 , 0.886750 , 80.116050 , -0.289350 , 0.027500 , 5.065400 , 35.138500 , 7.327500 , 6.891000 , 0.035000 , 999.856150 , 0.189000 , 0.007300 , 10.142500
230.875000 , 4.190000 , 8.296200 , 6.850025 , 0.913600 , 79.581700 , -0.289300 , 0.025000 , 5.069700 , 33.114000 , 7.319000 , 7.111500 , -0.020000 , 999.858300 , 0.185000 , 0.007300 , 10.281000
231.937500 , 4.376500 , 8.129250 , 6.842588 , 0.912650 , 79.599850 , -0.288350 , 0.025000 , 5.081000 , 31.132500 , 7.312000 , 7.301500 , -0.010000 , 999.869750 , 0.173500 , 0.007200 , 10.327000
233.125000 , 4.569000 , 8.087900 , 6.820156 , 0.911600 , 79.620000 , -0.290500 , 0.027000 , 5.082300 , 29.244000 , 7.302000 , 7.497500 , -0.010000 , 999.873200 , 0.158000 , 0.007200 , 10.303000
234.375000 , 4.772000 , 8.053300 , 6.826241 , 0.916100 , 79.531400 , -0.289800 , 0.030000 , 5.091900 , 27.358000 , 7.297000 , 7.704500 , 0.010000 , 999.876400 , 0.171000 , 0.007200 , 10.325000
235.500000 , 4.962000 , 7.931100 , 6.765941 , 0.916400 , 79.525400 , -0.289000 , 0.029000 , 5.108600 , 25.809000 , 7.284000 , 7.898500 , -0.010000 , 999.884600 , 0.164000 , 0.007100 , 10.275000
236.750000 , 5.164000 , 7.899700 , 6.881723 , 0.906500 , 79.721900 , -0.292100 , 0.029000 , 5.130100 , 24.326000 , 7.279000 , 8.104500 , -0.020000 , 999.887100 , 0.153000 , 0.007200 , 10.460000
238.187500 , 5.357000 , 7.874000 , 6.773969 , 0.913400 , 79.584150 , -0.289150 , 0.027000 , 5.204850 , 22.659500 , 7.267500 , 8.301000 , -0.005000 , 999.889900 , 0.127000 , 0.007100 , 10.302500
239.562500 , 5.543500 , 7.802900 , 6.830412 , 0.914300 , 79.567050 , -0.288200 , 0.026000 , 5.306800 , 21.234000 , 7.255000 , 8.491500 , 0.020000 , 999.894900 , 0.151000 , 0.007100 , 10.409000
240.812500 , 5.740000 , 7.753150 , 6.796150 , 0.907550 , 79.700100 , -0.287050 , 0.028500 , 5.441550 , 20.003500 , 7.246000 , 8.691500 , 0.020000 , 999.898700 , 0.166500 , 0.007050 , 10.365500
241.937500 , 5.944000 , 7.659500 , 6.787425 , 0.905400 , 79.743800 , -0.288200 , 0.028000 , 5.569650 , 18.691000 , 7.236500 , 8.899500 , 0.010000 , 999.904950 , 0.184500 , 0.007000 , 10.390500
243.000000 , 6.142000 , 7.592600 , 6.790921 , 0.907500 , 79.702600 , -0.290700 , 0.028000 , 5.710100 , 17.931000 , 7.228000 , 9.101500 , 0.000000 , 999.909700 , 0.185000 , 0.007000 , 10.416000
244.062500 , 6.336500 , 7.577650 , 6.801729 , 0.914850 , 79.556050 , -0.291850 , 0.026000 , 5.847850 , 16.954500 , 7.221000 , 9.300000 , 0.000000 , 999.911350 , 0.185500 , 0.007000 , 10.439000
245.125000 , 6.529000 , 7.541700 , 6.773385 , 0.912000 , 79.612800 , -0.289900 , 0.026000 , 5.977400 , 16.063000 , 7.213000 , 9.496500 , -0.010000 , 999.914200 , 0.174000 , 0.006900 , 10.407000
246.312500 , 6.729500 , 7.499400 , 6.660010 , 0.915050 , 79.551500 , -0.291150 , 0.028000 , 6.091550 , 14.992000 , 7.205500 , 9.700500 , -0.010000 , 999.917400 , 0.158000 , 0.006850 , 10.246000
247.562500 , 6.917500 , 7.456200 , 6.708688 , 0.923550 , 79.383100 , -0.291000 , 0.027000 , 6.214300 , 14.073500 , 7.196000 , 9.892500 , 0.020000 , 999.920600 , 0.159500 , 0.006900 , 10.333000
248.812500 , 7.133000 , 7.438550 , 6.608732 , 0.924500 , 79.363500 , -0.288750 , 0.026500 , 6.302400 , 13.276500 , 7.189000 , 10.112000 , -0.010000 , 999.922500 , 0.165000 , 0.006800 , 10.185500
249.937500 , 7.305500 , 7.405800 , 6.636793 , 0.928000 , 79.295900 , -0.289550 , 0.027000 , 6.355150 , 12.476500 , 7.181500 , 10.288000 , 0.020000 , 999.925100 , 0.174500 , 0.006800 , 10.240000
251.062500 , 7.514500 , 7.385200 , 6.563121 , 0.920950 , 79.433500 , -0.289100 , 0.027000 , 6.364800 , 11.817000 , 7.174500 , 10.501000 , -0.020000 , 999.927150 , 0.168500 , 0.006700 , 10.133000
252.312500 , 7.711500 , 7.371850 , 6.610295 , 0.920750 , 79.438550 , -0.288500 , 0.027500 , 6.414100 , 11.195000 , 7.168000 , 10.702000 , 0.000000 , 999.928800 , 0.158500 , 0.006800 , 10.210000
253.562500 , 7.908500 , 7.354400 , 6.578940 , 0.920000 , 79.452600 , -0.288600 , 0.029000 , 6.449950 , 10.512000 , 7.158500 , 10.903000 , 0.000000 , 999.930700 , 0.157000 , 0.006700 , 10.164500
254.750000 , 8.102000 , 7.322600 , 6.532748 , 0.920700 , 79.439300 , -0.289400 , 0.028000 , 6.475600 , 10.015000 , 7.154000 , 11.100500 , -0.000000 , 999.933200 , 0.165000 , 0.006700 , 10.105000
256.187500 , 8.314000 , 7.290100 , 6.526037 , 0.917650 , 79.500900 , -0.290350 , 0.026000 , 6.472500 , 9.401150 , 7.148500 , 11.316500 , -0.040000 , 999.935900 , 0.111000 , 0.006700 , 10.103500
257.750000 , 8.463000 , 7.272700 , 6.513983 , 0.916700 , 79.518100 , -0.289300 , 0.028000 , 6.491800 , 8.817900 , 7.145000 , 11.468500 , 0.060000 , 999.937400 , 0.136000 , 0.006700 , 10.091000
258.937500 , 8.683500 , 7.248900 , 6.559603 , 0.915850 , 79.535900 , -0.289250 , 0.026000 , 6.505550 , 8.460950 , 7.138000 , 11.693000 , 0.005000 , 999.939600 , 0.192000 , 0.006700 , 10.169500
260.000000 , 8.882000 , 7.240200 , 6.547914 , 0.914200 , 79.568800 , -0.290000 , 0.028000 , 6.519100 , 8.073900 , 7.134000 , 11.895500 , 0.010000 , 999.941100 , 0.194000 , 0.006700 , 10.160000
261.000000 , 9.087000 , 7.220500 , 6.563233 , 0.919100 , 79.472400 , -0.288600 , 0.028000 , 6.540500 , 7.796800 , 7.131000 , 12.104500 , 0.020000 , 999.943100 , 0.213000 , 0.006700 , 10.184000
261.875000 , 9.276000 , 7.208500 , 6.401401 , 0.914800 , 79.556900 , -0.293800 , 0.026000 , 6.530300 , 7.495100 , 7.129000 , 12.297500 , -0.020000 , 999.944500 , 0.207000 , 0.006600 , 9.936000
262.875000 , 9.470000 , 7.189600 , 6.462727 , 0.913400 , 79.585400 , -0.290100 , 0.032000 , 6.520400 , 7.251900 , 7.126000 , 12.495500 , -0.010000 , 999.946300 , 0.187000 , 0.006600 , 10.039000
264.000000 , 9.681000 , 7.174600 , 6.432304 , 0.916000 , 79.533000 , -0.288900 , 0.031000 , 6.533800 , 6.954200 , 7.121000 , 12.710500 , -0.020000 , 999.948100 , 0.178000 , 0.006600 , 9.995000
265.250000 , 9.877000 , 7.159800 , 6.433140 , 0.909800 , 79.655500 , -0.290800 , 0.026000 , 6.522900 , 6.619500 , 7.120000 , 12.910500 , -0.010000 , 999.949900 , 0.147000 , 0.006600 , 10.000000
266.500000 , 10.063000 , 7.142300 , 6.494970 , 0.904300 , 79.764600 , -0.289600 , 0.026000 , 6.525400 , 6.349400 , 7.115000 , 13.099500 , 0.010000 , 999.951600 , 0.159000 , 0.006600 , 10.108000
267.687500 , 10.251000 , 7.117200 , 6.475086 , 0.914750 , 79.557650 , -0.287500 , 0.028000 , 6.530600 , 6.088450 , 7.108000 , 13.291500 , 0.000000 , 999.953750 , 0.155500 , 0.006600 , 10.078000
268.875000 , 10.442000 , 7.098700 , 6.419039 , 0.908400 , 79.685300 , -0.287400 , 0.026000 , 6.522400 , 5.751100 , 7.105000 , 13.486500 , 0.020000 , 999.955500 , 0.175000 , 0.006500 , 9.997000
270.062500 , 10.666000 , 7.022550 , 6.513246 , 0.904150 , 79.769750 , -0.287950 , 0.024500 , 6.500000 , 5.420500 , 7.096500 , 13.715000 , -0.020000 , 999.960300 , 0.172500 , 0.006500 , 10.170000
271.250000 , 10.848000 , 7.002700 , 6.437990 , 0.893200 , 79.986600 , -0.290700 , 0.027000 , 6.509000 , 5.030200 , 7.089000 , 13.900500 , 0.010000 , 999.962000 , 0.161000 , 0.006500 , 10.059000
272.375000 , 11.044000 , 6.941600 , 6.412994 , 0.897300 , 79.904800 , -0.290600 , 0.026000 , 6.515800 , 4.645100 , 7.083000 , 14.100500 , 0.010000 , 999.965700 , 0.175000 , 0.006500 , 10.039000
273.500000 , 11.242000 , 6.932300 , 6.460436 , 0.888200 , 80.088300 , -0.287900 , 0.024000 , 6.521500 , 4.299900 , 7.077000 , 14.302500 , -0.020000 , 999.967100 , 0.169000 , 0.006500 , 10.112000
274.812500 , 11.435000 , 6.879250 , 6.443206 , 0.888400 , 80.083000 , -0.290600 , 0.028000 , 6.538100 , 3.986700 , 7.071000 , 14.499000 , 0.010000 , 999.970400 , 0.146500 , 0.006400 , 10.106000
276.062500 , 11.638500 , 6.837650 , 6.391410 , 0.881450 , 80.222150 , -0.291050 , 0.028500 , 6.545400 , 3.675750 , 7.070500 , 14.706500 , 0.010000 , 999.973250 , 0.170500 , 0.006400 , 10.037000
277.125000 , 11.814000 , 6.832200 , 6.361941 , 0.879000 , 80.272400 , -0.287100 , 0.027000 , 6.544700 , 3.428800 , 7.065000 , 14.885500 , 0.020000 , 999.974300 , 0.178000 , 0.006400 , 10.001000
278.187500 , 12.019000 , 6.787300 , 6.387612 , 0.872250 , 80.408350 , -0.292300 , 0.026000 , 6.511950 , 3.228250 , 7.058000 , 15.094500 , 0.000000 , 999.977200 , 0.188500 , 0.006400 , 10.045000
279.250000 , 12.211000 , 6.771500 , 6.391084 , 0.875400 , 80.343800 , -0.290400 , 0.029000 , 6.511800 , 3.026800 , 7.054000 , 15.290500 , 0.010000 , 999.978800 , 0.192000 , 0.006400 , 10.060000
280.312500 , 12.424000 , 6.738350 , 6.400447 , 0.862300 , 80.608000 , -0.287900 , 0.026000 , 6.502050 , 2.859100 , 7.052000 , 15.507500 , -0.010000 , 999.981350 , 0.187500 , 0.006350 , 10.082500
281.375000 , 12.619000 , 6.731500 , 6.405198 , 0.865700 , 80.538100 , -0.290800 , 0.027000 , 6.507300 , 2.690800 , 7.043000 , 15.706500 , -0.010000 , 999.982500 , 0.176000 , 0.006400 , 10.091000
282.562500 , 12.811500 , 6.717250 , 6.419835 , 0.871200 , 80.428400 , -0.289700 , 0.024500 , 6.500250 , 2.552500 , 7.041500 , 15.902500 , 0.000000 , 999.984050 , 0.161000 , 0.006350 , 10.120000
283.750000 , 13.003000 , 6.706200 , 6.342370 , 0.865600 , 80.540200 , -0.290900 , 0.027000 , 6.478200 , 2.417400 , 7.037000 , 16.097500 , 0.020000 , 999.985400 , 0.173000 , 0.006300 , 10.003000
284.875000 , 13.214000 , 6.688100 , 6.422931 , 0.849200 , 80.871900 , -0.288200 , 0.026000 , 6.468600 , 2.283600 , 7.036000 , 16.313500 , -0.020000 , 999.987300 , 0.172000 , 0.006300 , 10.133000
286.062500 , 13.393500 , 6.654300 , 6.316399 , 0.844050 , 80.975400 , -0.290200 , 0.028000 , 6.458850 , 2.169300 , 7.028000 , 16.496000 , 0.010000 , 999.989500 , 0.155000 , 0.006300 , 9.976500
287.312500 , 13.598000 , 6.648800 , 6.384774 , 0.837550 , 81.108100 , -0.288350 , 0.028500 , 6.453500 , 2.047750 , 7.027000 , 16.704500 , 0.010000 , 999.990750 , 0.167500 , 0.006300 , 10.086500
288.500000 , 13.798000 , 6.648500 , 6.352491 , 0.846500 , 80.926300 , -0.289900 , 0.026000 , 6.453600 , 1.942700 , 7.020000 , 16.908500 , -0.000000 , 999.991700 , 0.172000 , 0.006300 , 10.036000
289.625000 , 13.996000 , 6.646000 , 6.357692 , 0.844800 , 80.961400 , -0.289600 , 0.029000 , 6.425300 , 1.865200 , 7.019000 , 17.110500 , -0.010000 , 999.992800 , 0.166000 , 0.006300 , 10.044000
290.750000 , 14.171000 , 6.644100 , 6.399919 , 0.826300 , 81.336300 , -0.285500 , 0.029000 , 6.413800 , 1.768400 , 7.019000 , 17.288500 , 0.010000 , 999.993700 , 0.167000 , 0.006300 , 10.112000
