analysis/ctd/Lake Eleanor Rim Fire June 2014_down.txt
* Sea-Bird SBE25 Data File:
* FileName = C:\Documents and Settings\Field User\Desktop\Lake Eleanor Rim Fire June 2014.hex
* Software Version 1.59
* Temperature SN = 2360
* Conductivity SN = 2021
* System UpLoad Time = Jun 27 2014 08:17:34
** Lake Eleanor Rim Fire Sampling June 2014
* ds
# nquan = 18                                
# nvalues = 5344                        
# units = specified
# name 0 = timeS: Time, Elapsed [seconds]
# name 1 = prSM: Pressure, Strain Gauge [db]
# name 2 = t090C: Temperature [ITS-90, deg C]
# name 3 = c0uS/cm: Conductivity [uS/cm]
# name 4 = bat: Beam Attenuation, Chelsea/Seatech [1/m]
# name 5 = xmiss: Beam Transmission, Chelsea/Seatech [%]
# name 6 = wetStar: Fluorescence, WET Labs WETstar [mg/m^3]
# name 7 = seaTurbMtr: Turbidity, Seapoint [FTU]
# name 8 = sbeox0Mg/L: Oxygen, SBE 43 [mg/l]
# name 9 = par: PAR/Irradiance, Biospherical/Licor
# name 10 = ph: pH
# name 11 = depFM: Depth [fresh water, m], lat = 0
# name 12 = accM: Acceleration [m/s^2], WS = 2
# name 13 = density00: Density [density, kg/m^3]
# name 14 = dz/dtM: Descent Rate [m/s], WS = 2
# name 15 = sal00: Salinity, Practical [PSU]
# name 16 = specc: Specific Conductance [uS/cm]
# span 0 =      0.000,    667.875       
# span 1 =     -0.888,     57.986       
# span 2 =     4.8603,    22.1904       
# span 3 =   5.936551,   8.687575       
# span 4 =     0.7254,    13.5041       
# span 5 =     4.4493,    83.4150       
# span 6 =    -0.2946,    -0.2818       
# span 7 =      0.021,      0.035       
# span 8 =     1.7671,     8.7501       
# span 9 = 1.9987e-02, 3.8987e+03       
# span 10 =      7.106,      8.453      
# span 11 =     -0.906,     59.129      
# span 12 =      -0.11,       0.96      
# span 13 =   997.7353,  1000.2585      
# span 14 =     -0.334,      0.309      
# span 15 =     0.0054,     0.0129      
# span 16 = -1.337e-24,     11.573      
# span 17 = 0.0000e+00, 0.0000e+00      
# interval = seconds: 0.125
# start_time = Jun 25 2014 16:31:21 [Instrument's time stamp, header]
# bad_flag = -9.990e-29
*END*
[from data line 165]
273.500000 , 32.098000 , 5.689700 , 6.311570 , 0.899600 , 79.860600 , -0.287600 , 0.028000 , 5.772900 , 0.129750 , 7.430000 , 34.095000 , 0.000000 , 1000.113700 , 0.204000 , 0.005800 , 10.281000
274.562500 , 32.313500 , 5.683200 , 6.403234 , 0.908050 , 79.691250 , -0.287600 , 0.027000 , 5.705650 , 0.125745 , 7.428000 , 34.314500 , -0.035000 , 1000.115050 , 0.168000 , 0.005900 , 10.434000
275.687500 , 32.489500 , 5.676250 , 6.382366 , 0.918750 , 79.477750 , -0.286000 , 0.030500 , 5.670550 , 0.120285 , 7.423000 , 34.494000 , 0.020000 , 1000.116100 , 0.178000 , 0.005800 , 10.400500
276.750000 , 32.678000 , 5.670800 , 6.351787 , 0.927700 , 79.298700 , -0.287000 , 0.030000 , 5.668700 , 0.116270 , 7.421000 , 34.686000 , -0.000000 , 1000.117100 , 0.181000 , 0.005800 , 10.355000
277.875000 , 32.892000 , 5.665900 , 6.302684 , 0.939700 , 79.062200 , -0.287600 , 0.029000 , 5.637600 , 0.111590 , 7.420000 , 34.904000 , 0.000000 , 1000.118300 , 0.183000 , 0.005800 , 10.276000
278.937500 , 33.089000 , 5.661700 , 6.390902 , 0.946800 , 78.922900 , -0.287150 , 0.029500 , 5.601350 , 0.107930 , 7.416000 , 35.105500 , 0.010000 , 1000.119400 , 0.191500 , 0.005800 , 10.421500
279.937500 , 33.276500 , 5.656300 , 6.247110 , 0.955000 , 78.762350 , -0.286750 , 0.030500 , 5.592900 , 0.104155 , 7.414500 , 35.296500 , 0.010000 , 1000.120350 , 0.191000 , 0.005700 , 10.188500
280.875000 , 33.467000 , 5.649800 , 6.400333 , 0.964800 , 78.569200 , -0.289800 , 0.031000 , 5.577600 , 0.100050 , 7.411000 , 35.491000 , 0.010000 , 1000.121600 , 0.208000 , 0.005800 , 10.441000
281.875000 , 33.673000 , 5.637300 , 6.409145 , 0.965500 , 78.553800 , -0.288300 , 0.026000 , 5.490400 , 0.096601 , 7.411000 , 35.701000 , -0.020000 , 1000.122900 , 0.198000 , 0.005800 , 10.458000
283.062500 , 33.888500 , 5.619650 , 6.363760 , 0.980400 , 78.262400 , -0.286750 , 0.028000 , 5.514250 , 0.091787 , 7.411500 , 35.920500 , 0.000000 , 1000.124400 , 0.168000 , 0.005800 , 10.393500
284.062500 , 34.056500 , 5.597300 , 6.245956 , 0.991700 , 78.042250 , -0.286750 , 0.026500 , 5.491800 , 0.087653 , 7.405000 , 36.092000 , 0.100000 , 1000.125750 , 0.236000 , 0.005700 , 10.206500
284.812500 , 34.274000 , 5.583600 , 6.248283 , 0.992250 , 78.031500 , -0.284500 , 0.028000 , 5.499850 , 0.084060 , 7.404500 , 36.313500 , -0.010000 , 1000.127150 , 0.265500 , 0.005700 , 10.214500
285.562500 , 34.461500 , 5.573450 , 6.333137 , 1.005950 , 77.765550 , -0.285350 , 0.027000 , 5.486050 , 0.080266 , 7.404000 , 36.505000 , -0.045000 , 1000.128400 , 0.231000 , 0.005800 , 10.357000
286.437500 , 34.644500 , 5.569850 , 6.342569 , 1.007050 , 77.742700 , -0.287700 , 0.028500 , 5.450650 , 0.076721 , 7.402000 , 36.691500 , 0.005000 , 1000.129350 , 0.213000 , 0.005800 , 10.374000
287.375000 , 34.848000 , 5.563600 , 6.325545 , 1.029500 , 77.307300 , -0.285400 , 0.027000 , 5.406700 , 0.073513 , 7.396000 , 36.899000 , 0.010000 , 1000.130500 , 0.229000 , 0.005700 , 10.347000
288.250000 , 35.057000 , 5.561500 , 6.372330 , 1.032900 , 77.241800 , -0.285800 , 0.025000 , 5.376200 , 0.071351 , 7.391000 , 37.112000 , -0.020000 , 1000.131600 , 0.220000 , 0.005800 , 10.425000
289.125000 , 35.234000 , 5.556800 , 6.386081 , 1.044400 , 77.018800 , -0.284000 , 0.029000 , 5.345900 , 0.069464 , 7.389000 , 37.293000 , -0.030000 , 1000.132600 , 0.201000 , 0.005800 , 10.449000
290.187500 , 35.431500 , 5.552950 , 6.361167 , 1.074350 , 76.444750 , -0.286300 , 0.025000 , 5.329650 , 0.066246 , 7.390500 , 37.494000 , 0.015000 , 1000.133750 , 0.186500 , 0.005800 , 10.410000
291.250000 , 35.655000 , 5.549300 , 6.328112 , 1.100800 , 75.942600 , -0.286300 , 0.026000 , 5.299200 , 0.063109 , 7.387000 , 37.722000 , -0.000000 , 1000.134800 , 0.207000 , 0.005700 , 10.356000
292.125000 , 35.817000 , 5.546700 , 6.370107 , 1.113900 , 75.694400 , -0.288700 , 0.030000 , 5.371200 , 0.061370 , 7.386000 , 37.887000 , -0.030000 , 1000.135700 , 0.194000 , 0.005800 , 10.427000
293.500000 , 36.037000 , 5.545300 , 6.410980 , 1.118700 , 75.602600 , -0.286900 , 0.029000 , 5.242900 , 0.057874 , 7.383000 , 38.112000 , -0.050000 , 1000.136900 , 0.110000 , 0.005800 , 10.494000
295.000000 , 36.182000 , 5.545000 , 6.410742 , 1.133500 , 75.322300 , -0.285300 , 0.026000 , 5.227900 , 0.055647 , 7.371000 , 38.259000 , 0.080000 , 1000.137600 , 0.142000 , 0.005800 , 10.493000
296.187500 , 36.440000 , 5.532500 , 6.417107 , 1.148950 , 75.032600 , -0.287100 , 0.028000 , 5.253350 , 0.054225 , 7.376500 , 38.522500 , -0.025000 , 1000.139150 , 0.199500 , 0.005800 , 10.508000
297.187500 , 36.591500 , 5.530800 , 6.378474 , 1.157650 , 74.870200 , -0.285000 , 0.026500 , 5.186950 , 0.052766 , 7.370500 , 38.677000 , 0.000000 , 1000.139900 , 0.181000 , 0.005800 , 10.449500
298.312500 , 36.801500 , 5.515200 , 6.391374 , 1.166800 , 74.699900 , -0.287750 , 0.027500 , 5.156350 , 0.050986 , 7.374000 , 38.891000 , -0.020000 , 1000.141350 , 0.167500 , 0.005800 , 10.472000
299.500000 , 37.011000 , 5.504400 , 6.344307 , 1.174400 , 74.556900 , -0.286500 , 0.028000 , 5.157700 , 0.049653 , 7.373000 , 39.105000 , 0.020000 , 1000.142600 , 0.182000 , 0.005700 , 10.399000
300.500000 , 37.201000 , 5.498500 , 6.349260 , 1.178900 , 74.474400 , -0.286200 , 0.029000 , 5.154700 , 0.048282 , 7.370000 , 39.298000 , 0.030000 , 1000.143700 , 0.208000 , 0.005700 , 10.409000
301.437500 , 37.394500 , 5.487400 , 6.263725 , 1.180950 , 74.437250 , -0.290450 , 0.028500 , 5.181550 , 0.046779 , 7.370000 , 39.496000 , -0.005000 , 1000.144850 , 0.206000 , 0.005700 , 10.270500
302.375000 , 37.589000 , 5.481600 , 6.307299 , 1.180600 , 74.442400 , -0.287300 , 0.028000 , 5.158800 , 0.045500 , 7.373000 , 39.694000 , 0.030000 , 1000.146000 , 0.218000 , 0.005700 , 10.346000
303.187500 , 37.775500 , 5.477350 , 6.341340 , 1.185650 , 74.348550 , -0.287150 , 0.027000 , 5.174350 , 0.044671 , 7.371500 , 39.884000 , 0.015000 , 1000.147000 , 0.239500 , 0.005700 , 10.403000
304.000000 , 37.978000 , 5.467700 , 6.348932 , 1.186300 , 74.337300 , -0.288600 , 0.028000 , 5.158400 , 0.043843 , 7.373000 , 40.091000 , -0.000000 , 1000.148200 , 0.239000 , 0.005700 , 10.417000
304.875000 , 38.185000 , 5.451500 , 6.237373 , 1.183400 , 74.389800 , -0.287800 , 0.029000 , 5.080500 , 0.042615 , 7.368000 , 40.302000 , -0.040000 , 1000.149600 , 0.219000 , 0.005600 , 10.241000
305.875000 , 38.372000 , 5.441000 , 6.322129 , 1.185300 , 74.355000 , -0.287700 , 0.029000 , 5.104300 , 0.041252 , 7.371000 , 40.493000 , -0.020000 , 1000.150800 , 0.187000 , 0.005700 , 10.383000
307.000000 , 38.587000 , 5.425900 , 6.365565 , 1.184100 , 74.377900 , -0.287800 , 0.028000 , 5.012200 , 0.040408 , 7.368000 , 40.712000 , 0.010000 , 1000.152200 , 0.191000 , 0.005700 , 10.460000
308.062500 , 38.803500 , 5.413600 , 6.355545 , 1.183050 , 74.396100 , -0.287250 , 0.028500 , 4.961600 , 0.039558 , 7.364500 , 40.932500 , -0.015000 , 1000.153550 , 0.184000 , 0.005700 , 10.448000
309.062500 , 38.960000 , 5.409200 , 6.366376 , 1.187400 , 74.315800 , -0.287650 , 0.028500 , 4.963900 , 0.038862 , 7.361000 , 41.092000 , 0.010000 , 1000.154400 , 0.181500 , 0.005700 , 10.466500
310.125000 , 39.163000 , 5.401200 , 6.265774 , 1.186900 , 74.325200 , -0.286300 , 0.031000 , 4.923600 , 0.038097 , 7.360000 , 41.299000 , -0.000000 , 1000.155600 , 0.183000 , 0.005600 , 10.305000
311.250000 , 39.379000 , 5.394700 , 6.351677 , 1.192600 , 74.218600 , -0.290200 , 0.026000 , 4.886100 , 0.036985 , 7.361000 , 41.519000 , 0.000000 , 1000.156800 , 0.184000 , 0.005700 , 10.448000
312.250000 , 39.553000 , 5.393300 , 6.287724 , 1.192800 , 74.215600 , -0.286800 , 0.029000 , 4.857800 , 0.036109 , 7.356000 , 41.697000 , 0.030000 , 1000.157700 , 0.210000 , 0.005600 , 10.343000
313.250000 , 39.779000 , 5.390900 , 6.282253 , 1.194400 , 74.185900 , -0.286500 , 0.029000 , 4.780500 , 0.035556 , 7.361000 , 41.927000 , -0.050000 , 1000.158800 , 0.173000 , 0.005600 , 10.336000
314.500000 , 39.961000 , 5.385800 , 6.306453 , 1.202300 , 74.039000 , -0.286500 , 0.027000 , 4.788400 , 0.034742 , 7.355000 , 42.113000 , 0.030000 , 1000.159800 , 0.151000 , 0.005600 , 10.377000
315.562500 , 40.142000 , 5.383850 , 6.284798 , 1.209250 , 73.910200 , -0.288300 , 0.029000 , 4.739350 , 0.033934 , 7.350000 , 42.297500 , 0.055000 , 1000.160800 , 0.227000 , 0.005600 , 10.341500
316.375000 , 40.355000 , 5.379100 , 6.318485 , 1.212600 , 73.848800 , -0.287100 , 0.029000 , 4.732100 , 0.033286 , 7.357000 , 42.515000 , -0.010000 , 1000.162000 , 0.233000 , 0.005700 , 10.399000
317.187500 , 40.528500 , 5.376500 , 6.272172 , 1.218950 , 73.731200 , -0.288150 , 0.025000 , 4.717850 , 0.032864 , 7.351000 , 42.691500 , 0.005000 , 1000.162800 , 0.232000 , 0.005600 , 10.324000
318.062500 , 40.738500 , 5.369850 , 6.254466 , 1.217450 , 73.759400 , -0.288750 , 0.027000 , 4.697450 , 0.032230 , 7.357000 , 42.905500 , -0.015000 , 1000.164000 , 0.217500 , 0.005600 , 10.296500
318.937500 , 40.919000 , 5.364250 , 6.241979 , 1.220300 , 73.706100 , -0.286450 , 0.027000 , 4.705300 , 0.031560 , 7.351500 , 43.089500 , 0.020000 , 1000.165000 , 0.231000 , 0.005600 , 10.278000
319.812500 , 41.129000 , 5.356150 , 6.297298 , 1.231150 , 73.507600 , -0.286800 , 0.029500 , 4.691100 , 0.030668 , 7.351000 , 43.304000 , -0.020000 , 1000.166250 , 0.222500 , 0.005600 , 10.372000
320.687500 , 41.320000 , 5.352800 , 6.244082 , 1.232850 , 73.477000 , -0.286800 , 0.027000 , 4.733350 , 0.029957 , 7.349500 , 43.498500 , -0.015000 , 1000.167200 , 0.216000 , 0.005600 , 10.285500
321.687500 , 41.513000 , 5.339900 , 6.287646 , 1.237650 , 73.387250 , -0.287850 , 0.028000 , 4.687700 , 0.029184 , 7.349000 , 43.695500 , -0.025000 , 1000.168450 , 0.175000 , 0.005600 , 10.362000
322.875000 , 41.728000 , 5.328500 , 6.290481 , 1.248100 , 73.196700 , -0.288300 , 0.028000 , 4.651700 , 0.028409 , 7.345000 , 43.915000 , 0.010000 , 1000.169800 , 0.183000 , 0.005600 , 10.371000
323.875000 , 41.904000 , 5.319500 , 6.318864 , 1.265100 , 72.886700 , -0.286400 , 0.028000 , 4.622700 , 0.027814 , 7.340000 , 44.094000 , 0.000000 , 1000.170900 , 0.191000 , 0.005600 , 10.420000
324.937500 , 42.100000 , 5.312250 , 6.312380 , 1.270200 , 72.791900 , -0.287550 , 0.029000 , 4.563200 , 0.027019 , 7.344000 , 44.294000 , 0.035000 , 1000.172000 , 0.187500 , 0.005600 , 10.412500
325.875000 , 42.315000 , 5.303800 , 6.296086 , 1.301200 , 72.231900 , -0.287900 , 0.028000 , 4.587100 , 0.026592 , 7.336000 , 44.513000 , 0.000000 , 1000.173200 , 0.223000 , 0.005600 , 10.388000
326.750000 , 42.484000 , 5.302800 , 6.295082 , 1.290800 , 72.419400 , -0.288600 , 0.031000 , 4.539000 , 0.025892 , 7.335000 , 44.686000 , -0.020000 , 1000.174000 , 0.199000 , 0.005600 , 10.386000
327.875000 , 42.721000 , 5.281300 , 6.348493 , 1.317700 , 71.932900 , -0.287500 , 0.028000 , 4.607800 , 0.025241 , 7.336000 , 44.927000 , -0.020000 , 1000.175800 , 0.184000 , 0.005600 , 10.483000
328.937500 , 42.900500 , 5.261050 , 6.283599 , 1.331800 , 71.681100 , -0.286150 , 0.028500 , 4.625350 , 0.024726 , 7.326000 , 45.110500 , 0.000000 , 1000.176950 , 0.178000 , 0.005600 , 10.381000
330.000000 , 43.074000 , 5.234800 , 6.334177 , 1.327100 , 71.765100 , -0.287600 , 0.030000 , 4.593300 , 0.024313 , 7.326000 , 45.287000 , 0.040000 , 1000.178400 , 0.195000 , 0.005600 , 10.474000
330.937500 , 43.305000 , 5.198250 , 6.383671 , 1.353000 , 71.301900 , -0.286000 , 0.027000 , 4.570950 , 0.023940 , 7.325000 , 45.523000 , -0.025000 , 1000.180300 , 0.217500 , 0.005600 , 10.569000
331.812500 , 43.458000 , 5.192900 , 6.371456 , 1.346350 , 71.420000 , -0.285400 , 0.028500 , 4.532750 , 0.023506 , 7.316500 , 45.679000 , -0.010000 , 1000.181200 , 0.198000 , 0.005600 , 10.550000
332.875000 , 43.685000 , 5.170500 , 6.335931 , 1.369800 , 71.002300 , -0.286500 , 0.027000 , 4.564100 , 0.023108 , 7.318000 , 45.910000 , -0.000000 , 1000.182700 , 0.189000 , 0.005600 , 10.499000
333.812500 , 43.853000 , 5.166400 , 6.346154 , 1.391600 , 70.616400 , -0.285550 , 0.027500 , 4.537700 , 0.022753 , 7.310500 , 46.081500 , 0.035000 , 1000.183600 , 0.217000 , 0.005600 , 10.518000
334.750000 , 44.067000 , 5.161500 , 6.423930 , 1.389400 , 70.654900 , -0.288100 , 0.024000 , 4.455600 , 0.022295 , 7.314000 , 46.300000 , -0.000000 , 1000.184800 , 0.221000 , 0.005600 , 10.649000
335.625000 , 44.267000 , 5.154100 , 6.447335 , 1.409000 , 70.310800 , -0.290900 , 0.029000 , 4.479700 , 0.021861 , 7.310000 , 46.504000 , -0.010000 , 1000.185900 , 0.225000 , 0.005600 , 10.690000
336.562500 , 44.454000 , 5.152400 , 6.352568 , 1.409150 , 70.308150 , -0.287600 , 0.028000 , 4.420350 , 0.021533 , 7.310500 , 46.694500 , -0.020000 , 1000.186850 , 0.192000 , 0.005600 , 10.533500
337.625000 , 44.671000 , 5.148700 , 6.324223 , 1.432000 , 69.907200 , -0.288600 , 0.027000 , 4.378600 , 0.021134 , 7.309000 , 46.916000 , 0.010000 , 1000.188000 , 0.200000 , 0.005500 , 10.488000
338.500000 , 44.826000 , 5.144200 , 6.414943 , 1.433600 , 69.880000 , -0.287900 , 0.026000 , 4.341400 , 0.020843 , 7.307000 , 47.074000 , 0.020000 , 1000.188900 , 0.221000 , 0.005600 , 10.640000
339.437500 , 45.064500 , 5.130350 , 6.400287 , 1.445850 , 69.666850 , -0.287850 , 0.026500 , 4.280700 , 0.020551 , 7.307000 , 47.317000 , -0.035000 , 1000.190250 , 0.204000 , 0.005600 , 10.620500
340.375000 , 45.221000 , 5.124900 , 6.359166 , 1.451500 , 69.566800 , -0.287600 , 0.028000 , 4.253600 , 0.020275 , 7.304000 , 47.477000 , 0.020000 , 1000.191200 , 0.201000 , 0.005600 , 10.553000
341.312500 , 45.430000 , 5.123200 , 6.397566 , 1.455950 , 69.490600 , -0.287950 , 0.028000 , 4.177900 , 0.020098 , 7.304000 , 47.689500 , 0.000000 , 1000.192200 , 0.213000 , 0.005600 , 10.618500
342.250000 , 45.634000 , 5.119900 , 6.394088 , 1.468100 , 69.279900 , -0.287700 , 0.029000 , 4.193700 , 0.020051 , 7.301000 , 47.898000 , -0.030000 , 1000.193300 , 0.206000 , 0.005600 , 10.614000
343.312500 , 45.820500 , 5.106750 , 6.376927 , 1.472050 , 69.211950 , -0.286500 , 0.028000 , 4.093150 , 0.020035 , 7.292000 , 48.088000 , -0.025000 , 1000.194450 , 0.169500 , 0.005600 , 10.590000
344.562500 , 46.025500 , 5.093900 , 6.372042 , 1.485400 , 68.980850 , -0.286400 , 0.027000 , 4.052400 , 0.019987 , 7.291000 , 48.297000 , 0.015000 , 1000.195650 , 0.158000 , 0.005550 , 10.587000
345.625000 , 46.218000 , 5.080100 , 6.314446 , 1.504000 , 68.660300 , -0.287800 , 0.029000 , 3.997300 , 0.019987 , 7.289000 , 48.493000 , 0.050000 , 1000.196800 , 0.210000 , 0.005500 , 10.497000
346.500000 , 46.408000 , 5.072400 , 6.344539 , 1.511600 , 68.529500 , -0.286300 , 0.029000 , 3.945800 , 0.019987 , 7.288000 , 48.687000 , -0.010000 , 1000.197900 , 0.229000 , 0.005500 , 10.549000
347.437500 , 46.627500 , 5.067200 , 6.466673 , 1.515000 , 68.471250 , -0.286800 , 0.027500 , 3.929800 , 0.019987 , 7.286000 , 48.911000 , -0.020000 , 1000.199150 , 0.212000 , 0.005600 , 10.753000
348.312500 , 46.800500 , 5.061300 , 6.453483 , 1.527650 , 68.255550 , -0.290450 , 0.029000 , 3.847900 , 0.019987 , 7.282000 , 49.087000 , 0.035000 , 1000.200100 , 0.228000 , 0.005600 , 10.733500
349.125000 , 47.008000 , 5.058600 , 6.445651 , 1.535600 , 68.120300 , -0.286500 , 0.028000 , 3.853500 , 0.019987 , 7.282000 , 49.299000 , -0.020000 , 1000.201200 , 0.231000 , 0.005600 , 10.722000
350.000000 , 47.190000 , 5.052800 , 6.456061 , 1.534700 , 68.134300 , -0.287800 , 0.028000 , 3.809600 , 0.019987 , 7.282000 , 49.484000 , 0.000000 , 1000.202200 , 0.218000 , 0.005600 , 10.741000
350.937500 , 47.404000 , 5.048000 , 6.492043 , 1.546050 , 67.942700 , -0.287750 , 0.026500 , 3.777000 , 0.019987 , 7.277500 , 49.702500 , -0.030000 , 1000.203350 , 0.206000 , 0.005600 , 10.802000
351.937500 , 47.585000 , 5.046050 , 6.423418 , 1.560900 , 67.690850 , -0.285000 , 0.029500 , 3.721650 , 0.019987 , 7.274500 , 49.887000 , 0.010000 , 1000.204250 , 0.199000 , 0.005600 , 10.688500
352.937500 , 47.802500 , 5.043950 , 6.460285 , 1.582950 , 67.318600 , -0.286750 , 0.028000 , 3.696950 , 0.019987 , 7.277000 , 50.109000 , -0.010000 , 1000.205350 , 0.196000 , 0.005600 , 10.751000
