analysis/ctd/Lake Eleanor_Rimfire_down.txt
* Sea-Bird SBE25 Data File:
* FileName = C:\Documents and Settings\Field User\Desktop\Lake Eleanor_Rimfire.hex
* Software Version 1.59
* Temperature SN = 2360
* Conductivity SN = 2021
* System UpLoad Time = Apr 03 2014 16:39:24
** Lake Eleanor Rim Fire Project spring sampling event
* ds
# nquan = 18                                
# nvalues = 5290                        
# units = specified
# name 0 = timeS: Time, Elapsed [seconds]
# name 1 = prSM: Pressure, Strain Gauge [db]
# name 2 = t090C: Temperature [ITS-90, deg C]
# name 3 = c0uS/cm: Conductivity [uS/cm]
# name 4 = bat: Beam Attenuation, Chelsea/Seatech [1/m]
# name 5 = xmiss: Beam Transmission, Chelsea/Seatech [%]
# name 6 = wetStar: Fluorescence, WET Labs WETstar [mg/m^3]
# name 7 = seaTurbMtr: Turbidity, Seapoint [FTU]
# name 8 = sbeox0Mg/L: Oxygen, SBE 43 [mg/l]
# name 9 = par: PAR/Irradiance, Biospherical/Licor
# name 10 = ph: pH
# name 11 = depFM: Depth [fresh water, m], lat = 0
# name 12 = accM: Acceleration [m/s^2], WS = 2
# name 13 = density00: Density [density, kg/m^3]
# name 14 = dz/dtM: Descent Rate [m/s], WS = 2
# name 15 = sal00: Salinity, Practical [PSU]
# name 16 = specc: Specific Conductance [uS/cm]
# span 0 =      0.000,    661.125       
# span 1 =     -2.497,     50.515       
# span 2 =     4.7228,     9.2079       
# span 3 =  -0.384258,  19.486784       
# span 4 =     0.3967,    11.0880       
# span 5 =     6.7873,    90.6953       
# span 6 =    -0.2973,    -0.2805       
# span 7 =      0.021,      0.034       
# span 8 =     2.9894,     8.1034       
# span 9 = 1.9987e-02, 1.2237e+03       
# span 10 =      5.198,      7.978      
# span 11 =     -2.546,     51.511      
# span 12 =      -0.30,       0.59      
# span 13 =   999.7626,  1000.2235      
# span 14 =     -0.422,      0.259      
# span 15 =     0.0000,     0.0151      
# span 16 =     -0.633,     29.322      
# span 17 = 0.0000e+00, 0.0000e+00      
# interval = seconds: 0.125
# start_time = Apr 02 2014 16:50:30 [Instrument's time stamp, header]
# bad_flag = -9.990e-29
*END*
[from data line 83]
293.437500 , 14.571000 , 6.639900 , 6.302943 , 0.818250 , 81.501100 , -0.289300 , 0.025500 , 6.390050 , 1.573450 , 7.015500 , 17.696500 , 0.030000 , 999.995850 , 0.155500 , 0.006200 , 9.959500
294.562500 , 14.764000 , 6.635950 , 6.381846 , 0.804300 , 81.784800 , -0.287000 , 0.028000 , 6.388450 , 1.506350 , 7.014000 , 17.893500 , 0.020000 , 999.996950 , 0.185000 , 0.006300 , 10.086000
295.625000 , 14.966000 , 6.629100 , 6.272649 , 0.813900 , 81.589200 , -0.290600 , 0.028000 , 6.374400 , 1.446000 , 7.014000 , 18.099500 , -0.000000 , 999.998100 , 0.183000 , 0.006200 , 9.916000
296.687500 , 15.156500 , 6.620550 , 6.359108 , 0.810450 , 81.659300 , -0.291500 , 0.030000 , 6.354300 , 1.380550 , 7.012500 , 18.294000 , 0.015000 , 999.999500 , 0.194000 , 0.006300 , 10.054500
297.750000 , 15.369000 , 6.609200 , 6.388609 , 0.798400 , 81.904700 , -0.289500 , 0.028000 , 6.355900 , 1.332300 , 7.013000 , 18.510500 , -0.030000 , 1000.001000 , 0.176000 , 0.006300 , 10.105000
298.875000 , 15.545000 , 6.603700 , 6.281361 , 0.801600 , 81.840200 , -0.289600 , 0.026000 , 6.352500 , 1.270300 , 7.013000 , 18.689500 , 0.010000 , 1000.002000 , 0.163000 , 0.006200 , 9.936000
300.062500 , 15.742500 , 6.598050 , 6.339325 , 0.797250 , 81.929400 , -0.288700 , 0.024500 , 6.351950 , 1.206400 , 7.011000 , 18.891500 , 0.000000 , 1000.003250 , 0.165000 , 0.006200 , 10.031000
301.312500 , 15.951000 , 6.588750 , 6.396096 , 0.807600 , 81.717000 , -0.287000 , 0.026500 , 6.363700 , 1.130700 , 7.011000 , 19.104000 , 0.000000 , 1000.004650 , 0.160500 , 0.006300 , 10.122000
302.500000 , 16.141000 , 6.578800 , 6.242496 , 0.798900 , 81.896400 , -0.291100 , 0.024000 , 6.372900 , 1.070500 , 7.013000 , 19.297500 , 0.030000 , 1000.005900 , 0.185000 , 0.006200 , 9.884000
303.500000 , 16.345000 , 6.569900 , 6.277764 , 0.786300 , 82.152600 , -0.290600 , 0.024000 , 6.360000 , 1.022000 , 7.012000 , 19.505500 , -0.010000 , 1000.007300 , 0.199000 , 0.006200 , 9.942000
304.500000 , 16.537000 , 6.558600 , 6.308141 , 0.783200 , 82.218700 , -0.286200 , 0.026000 , 6.371500 , 0.976620 , 7.013000 , 19.701500 , -0.010000 , 1000.008700 , 0.186000 , 0.006200 , 9.995000
305.562500 , 16.733000 , 6.551850 , 6.352861 , 0.788600 , 82.107300 , -0.288500 , 0.031000 , 6.388400 , 0.932605 , 7.012000 , 19.901500 , 0.010000 , 1000.009900 , 0.190000 , 0.006200 , 10.066500
306.562500 , 16.929500 , 6.553300 , 6.264380 , 0.779650 , 82.290500 , -0.290450 , 0.027000 , 6.375750 , 0.883340 , 7.012500 , 20.102000 , 0.010000 , 1000.010750 , 0.202000 , 0.006200 , 9.926500
307.562500 , 17.132000 , 6.551000 , 6.251402 , 0.785550 , 82.169750 , -0.293500 , 0.031000 , 6.375800 , 0.845700 , 7.012500 , 20.308500 , -0.010000 , 1000.011800 , 0.197500 , 0.006200 , 9.906500
308.562500 , 17.324000 , 6.535000 , 6.277200 , 0.782950 , 82.221950 , -0.288900 , 0.028000 , 6.364500 , 0.805830 , 7.011500 , 20.504000 , -0.020000 , 1000.013400 , 0.182000 , 0.006200 , 9.952000
309.687500 , 17.515000 , 6.524350 , 6.298188 , 0.793850 , 81.998400 , -0.289250 , 0.028500 , 6.359850 , 0.766485 , 7.011000 , 20.699000 , 0.015000 , 1000.014750 , 0.174500 , 0.006200 , 9.991000
310.750000 , 17.714000 , 6.513500 , 6.294461 , 0.776600 , 82.353700 , -0.289600 , 0.026000 , 6.342300 , 0.730160 , 7.011000 , 20.901500 , 0.020000 , 1000.016200 , 0.201000 , 0.006200 , 9.985000
311.687500 , 17.910500 , 6.506850 , 6.312999 , 0.778500 , 82.313100 , -0.290100 , 0.029000 , 6.326900 , 0.697230 , 7.011000 , 21.102000 , 0.000000 , 1000.017400 , 0.205500 , 0.006200 , 10.017000
312.625000 , 18.098000 , 6.503700 , 6.272097 , 0.779800 , 82.287400 , -0.291100 , 0.029000 , 6.302300 , 0.665960 , 7.011000 , 21.293500 , 0.010000 , 1000.018400 , 0.211000 , 0.006200 , 9.954000
313.500000 , 18.295000 , 6.503400 , 6.273717 , 0.780400 , 82.275100 , -0.292700 , 0.028000 , 6.258900 , 0.637260 , 7.011000 , 21.494500 , -0.000000 , 1000.019400 , 0.217000 , 0.006200 , 9.957000
314.437500 , 18.487000 , 6.501700 , 6.270288 , 0.777150 , 82.341450 , -0.288150 , 0.028000 , 6.292250 , 0.610155 , 7.011000 , 21.690000 , -0.015000 , 1000.020350 , 0.198500 , 0.006200 , 9.952000
315.437500 , 18.681500 , 6.499900 , 6.284854 , 0.775400 , 82.378500 , -0.289450 , 0.028000 , 6.274850 , 0.583945 , 7.010000 , 21.888500 , -0.010000 , 1000.021400 , 0.193500 , 0.006200 , 9.975500
316.562500 , 18.889000 , 6.493450 , 6.284600 , 0.772950 , 82.429850 , -0.290500 , 0.029000 , 6.245200 , 0.555490 , 7.008000 , 22.100000 , -0.010000 , 1000.022600 , 0.177000 , 0.006200 , 9.978500
317.625000 , 19.075000 , 6.484700 , 6.183455 , 0.778000 , 82.324100 , -0.289100 , 0.032000 , 6.237300 , 0.527580 , 7.010000 , 22.289500 , 0.030000 , 1000.023800 , 0.198000 , 0.006100 , 9.820000
318.625000 , 19.285000 , 6.442100 , 6.263565 , 0.780400 , 82.275900 , -0.286100 , 0.025000 , 6.217700 , 0.504720 , 7.009000 , 22.503500 , -0.020000 , 1000.026600 , 0.190000 , 0.006100 , 9.962000
319.687500 , 19.477000 , 6.409700 , 6.274152 , 0.774700 , 82.393400 , -0.289900 , 0.029000 , 6.204600 , 0.480965 , 7.008000 , 22.699500 , 0.010000 , 1000.028700 , 0.186000 , 0.006100 , 9.994000
320.687500 , 19.662000 , 6.366200 , 6.284797 , 0.780750 , 82.267750 , -0.289750 , 0.028500 , 6.182250 , 0.460595 , 7.005000 , 22.888000 , 0.015000 , 1000.031300 , 0.196000 , 0.006100 , 10.018500
321.687500 , 19.870500 , 6.341450 , 6.274039 , 0.775950 , 82.366500 , -0.288750 , 0.026500 , 6.182500 , 0.438150 , 7.003000 , 23.101000 , 0.010000 , 1000.033150 , 0.211500 , 0.006100 , 10.005000
322.625000 , 20.071000 , 6.332400 , 6.299187 , 0.782700 , 82.228600 , -0.291000 , 0.029000 , 6.192500 , 0.417660 , 7.003000 , 23.305500 , 0.010000 , 1000.034500 , 0.224000 , 0.006100 , 10.052000
323.500000 , 20.281000 , 6.332000 , 6.255571 , 0.780800 , 82.266600 , -0.291000 , 0.024000 , 6.170400 , 0.397210 , 7.000000 , 23.519500 , -0.040000 , 1000.035500 , 0.210000 , 0.006100 , 9.982000
324.500000 , 20.457000 , 6.329600 , 6.264376 , 0.786600 , 82.148800 , -0.289100 , 0.027000 , 6.188300 , 0.377410 , 7.001000 , 23.698500 , -0.020000 , 1000.036500 , 0.174000 , 0.006100 , 9.997000
325.562500 , 20.637500 , 6.329250 , 6.303894 , 0.791700 , 82.043550 , -0.289600 , 0.027000 , 6.189850 , 0.358850 , 7.001000 , 23.883000 , 0.050000 , 1000.037400 , 0.210500 , 0.006100 , 10.060500
326.500000 , 20.869000 , 6.323200 , 6.268775 , 0.790800 , 82.061400 , -0.291800 , 0.029000 , 6.190300 , 0.342260 , 7.000000 , 24.118500 , -0.010000 , 1000.038700 , 0.231000 , 0.006100 , 10.007000
327.375000 , 21.061000 , 6.313000 , 6.205969 , 0.791100 , 82.057000 , -0.287400 , 0.024000 , 6.170900 , 0.326160 , 6.998000 , 24.314500 , -0.010000 , 1000.039900 , 0.217000 , 0.006000 , 9.911000
328.250000 , 21.245000 , 6.295200 , 6.212651 , 0.783900 , 82.203400 , -0.289800 , 0.026000 , 6.131200 , 0.315080 , 6.998000 , 24.502500 , -0.000000 , 1000.041500 , 0.213000 , 0.006000 , 9.925000
329.125000 , 21.433000 , 6.287100 , 6.229027 , 0.775200 , 82.383000 , -0.289000 , 0.028000 , 6.128200 , 0.304590 , 6.998000 , 24.694500 , 0.000000 , 1000.042700 , 0.213000 , 0.006000 , 9.953000
330.062500 , 21.631500 , 6.275950 , 6.212454 , 0.775250 , 82.381050 , -0.291450 , 0.027000 , 6.116250 , 0.293460 , 6.997000 , 24.896500 , -0.010000 , 1000.044100 , 0.203000 , 0.006000 , 9.931000
331.062500 , 21.829000 , 6.247350 , 6.221291 , 0.779250 , 82.298700 , -0.288750 , 0.026000 , 6.073250 , 0.279690 , 6.995500 , 25.098000 , -0.020000 , 1000.046150 , 0.184500 , 0.006000 , 9.954000
332.187500 , 22.015500 , 6.234550 , 6.243886 , 0.785050 , 82.179150 , -0.291700 , 0.025000 , 6.058350 , 0.264865 , 6.993000 , 25.288000 , 0.015000 , 1000.047450 , 0.170500 , 0.006000 , 9.992500
333.312500 , 22.228500 , 6.228700 , 6.250527 , 0.788700 , 82.105400 , -0.291500 , 0.028500 , 6.076650 , 0.250330 , 6.993000 , 25.505500 , 0.020000 , 1000.048700 , 0.203000 , 0.006000 , 10.007000
334.250000 , 22.422000 , 6.205200 , 6.237820 , 0.783200 , 82.216700 , -0.288100 , 0.029000 , 6.056500 , 0.239920 , 6.991000 , 25.702500 , -0.010000 , 1000.050500 , 0.203000 , 0.006000 , 9.994000
335.187500 , 22.609000 , 6.198050 , 6.268168 , 0.786000 , 82.159500 , -0.290200 , 0.028500 , 6.056150 , 0.230725 , 6.991000 , 25.893500 , 0.015000 , 1000.051650 , 0.209000 , 0.006000 , 10.046000
336.125000 , 22.814000 , 6.175500 , 6.215131 , 0.784400 , 82.194600 , -0.290600 , 0.024000 , 6.067100 , 0.221530 , 6.993000 , 26.102500 , -0.000000 , 1000.053400 , 0.221000 , 0.006000 , 9.967000
337.000000 , 23.009000 , 6.162700 , 6.191330 , 0.788700 , 82.104100 , -0.288600 , 0.026000 , 6.064000 , 0.212610 , 6.991000 , 26.301500 , -0.020000 , 1000.054800 , 0.213000 , 0.006000 , 9.931000
337.937500 , 23.198500 , 6.146850 , 6.207120 , 0.786550 , 82.149050 , -0.291000 , 0.026000 , 6.053350 , 0.203585 , 6.990500 , 26.494500 , -0.010000 , 1000.056250 , 0.198500 , 0.005950 , 9.964000
339.000000 , 23.407000 , 6.136700 , 6.204055 , 0.787400 , 82.131500 , -0.287300 , 0.026000 , 6.053100 , 0.193390 , 6.991000 , 26.706500 , -0.020000 , 1000.057600 , 0.185000 , 0.005900 , 9.961000
340.125000 , 23.594000 , 6.123800 , 6.277222 , 0.793000 , 82.016300 , -0.290700 , 0.026000 , 6.059500 , 0.183460 , 6.988000 , 26.897500 , 0.030000 , 1000.059000 , 0.184000 , 0.006000 , 10.089000
341.125000 , 23.808000 , 6.086000 , 6.229062 , 0.789500 , 82.087700 , -0.288800 , 0.028000 , 6.023600 , 0.175700 , 6.988000 , 27.115500 , 0.020000 , 1000.061300 , 0.219000 , 0.005900 , 10.020000
342.000000 , 23.999000 , 6.054200 , 6.226012 , 0.792200 , 82.032000 , -0.288900 , 0.031000 , 6.019800 , 0.168760 , 6.988000 , 27.310500 , 0.000000 , 1000.063300 , 0.218000 , 0.005900 , 10.023000
342.875000 , 24.188000 , 6.037200 , 6.235881 , 0.791400 , 82.049500 , -0.286400 , 0.025000 , 6.011000 , 0.161570 , 6.985000 , 27.503500 , 0.020000 , 1000.064700 , 0.234000 , 0.005900 , 10.044000
343.687500 , 24.391500 , 6.027100 , 6.205807 , 0.795650 , 81.962400 , -0.289650 , 0.028500 , 6.001800 , 0.155010 , 6.979000 , 27.711000 , -0.025000 , 1000.066000 , 0.238000 , 0.005900 , 10.000000
344.562500 , 24.586000 , 6.026500 , 6.218756 , 0.818000 , 81.505700 , -0.286800 , 0.028000 , 6.009700 , 0.148800 , 6.980000 , 27.909500 , -0.045000 , 1000.066950 , 0.197500 , 0.005900 , 10.021500
345.562500 , 24.766000 , 6.019450 , 6.194275 , 0.821000 , 81.444450 , -0.293200 , 0.028500 , 6.002300 , 0.141980 , 6.975000 , 28.093000 , 0.020000 , 1000.068050 , 0.197500 , 0.005900 , 9.982500
346.500000 , 24.966000 , 6.004000 , 6.220929 , 0.821300 , 81.438000 , -0.288000 , 0.029000 , 6.046500 , 0.134720 , 6.976000 , 28.296500 , -0.000000 , 1000.069600 , 0.209000 , 0.005900 , 10.032000
347.437500 , 25.158500 , 6.001400 , 6.230244 , 0.821350 , 81.437400 , -0.288500 , 0.026500 , 6.056550 , 0.129115 , 6.977000 , 28.493000 , 0.000000 , 1000.070600 , 0.206000 , 0.005900 , 10.048000
348.437500 , 25.362500 , 5.995550 , 6.169115 , 0.822300 , 81.417400 , -0.288450 , 0.031500 , 6.043600 , 0.123400 , 6.974500 , 28.701000 , 0.000000 , 1000.071750 , 0.204500 , 0.005900 , 9.951500
349.375000 , 25.560000 , 5.987900 , 6.190559 , 0.825700 , 81.347600 , -0.289000 , 0.028000 , 6.010200 , 0.117860 , 6.971000 , 28.902500 , -0.010000 , 1000.072900 , 0.205000 , 0.005900 , 9.986000
350.312500 , 25.743000 , 5.963200 , 6.205951 , 0.830850 , 81.243550 , -0.290900 , 0.028500 , 5.980650 , 0.113955 , 6.969000 , 29.089000 , 0.005000 , 1000.074650 , 0.200000 , 0.005900 , 10.023000
351.312500 , 25.952500 , 5.910500 , 6.257105 , 0.825100 , 81.360900 , -0.289350 , 0.029000 , 5.969400 , 0.109100 , 6.964500 , 29.302500 , 0.000000 , 1000.077300 , 0.204500 , 0.005900 , 10.120000
352.312500 , 26.148500 , 5.882950 , 6.115536 , 0.836400 , 81.131000 , -0.287800 , 0.029000 , 5.943200 , 0.104245 , 6.959500 , 29.502500 , 0.000000 , 1000.079050 , 0.203000 , 0.005800 , 9.908500
353.312500 , 26.357500 , 5.820450 , 6.185580 , 0.840600 , 81.047000 , -0.290500 , 0.028500 , 5.947100 , 0.099896 , 6.957500 , 29.715500 , -0.030000 , 1000.081900 , 0.188000 , 0.005800 , 10.034000
354.375000 , 26.534000 , 5.805800 , 6.134148 , 0.845500 , 80.947000 , -0.288500 , 0.029000 , 5.943600 , 0.095235 , 6.952000 , 29.895500 , 0.030000 , 1000.083200 , 0.182000 , 0.005700 , 9.953000
355.375000 , 26.740000 , 5.792700 , 6.168447 , 0.846800 , 80.921300 , -0.287500 , 0.028000 , 5.938800 , 0.091309 , 6.951000 , 30.105500 , 0.010000 , 1000.084600 , 0.213000 , 0.005800 , 10.016000
356.312500 , 26.940500 , 5.784150 , 6.194754 , 0.859650 , 80.662250 , -0.288800 , 0.029000 , 5.926400 , 0.088111 , 6.947000 , 30.310000 , -0.010000 , 1000.085800 , 0.201500 , 0.005800 , 10.061000
357.250000 , 27.123000 , 5.765400 , 6.139289 , 0.857200 , 80.710600 , -0.288200 , 0.024000 , 5.914200 , 0.084983 , 6.943000 , 30.496500 , 0.020000 , 1000.087200 , 0.208000 , 0.005700 , 9.977000
358.125000 , 27.313000 , 5.733500 , 6.232763 , 0.852500 , 80.805300 , -0.289800 , 0.027000 , 5.903600 , 0.082660 , 6.942000 , 30.690500 , 0.010000 , 1000.089100 , 0.222000 , 0.005800 , 10.140000
359.000000 , 27.510000 , 5.729400 , 6.132491 , 0.856100 , 80.733500 , -0.289100 , 0.027000 , 5.882600 , 0.079980 , 6.937000 , 30.890500 , 0.000000 , 1000.090100 , 0.228000 , 0.005700 , 9.978000
359.875000 , 27.712000 , 5.728000 , 6.154063 , 0.863300 , 80.588300 , -0.289500 , 0.031000 , 5.876200 , 0.076538 , 6.938000 , 31.096500 , -0.010000 , 1000.091200 , 0.227000 , 0.005700 , 10.013000
360.812500 , 27.918500 , 5.725500 , 6.127288 , 0.863300 , 80.587550 , -0.291450 , 0.029500 , 5.878400 , 0.073463 , 6.937000 , 31.307500 , -0.040000 , 1000.092200 , 0.190500 , 0.005700 , 9.970500
361.875000 , 28.093000 , 5.719100 , 6.176202 , 0.867900 , 80.494200 , -0.288800 , 0.027000 , 5.864900 , 0.070294 , 6.936000 , 31.485500 , 0.020000 , 1000.093300 , 0.177000 , 0.005700 , 10.054000
362.937500 , 28.296500 , 5.703800 , 6.212566 , 0.863550 , 80.582400 , -0.287900 , 0.031000 , 5.841500 , 0.067677 , 6.932500 , 31.693000 , 0.010000 , 1000.094700 , 0.196000 , 0.005700 , 10.117500
363.937500 , 28.496500 , 5.695700 , 6.163227 , 0.862400 , 80.605600 , -0.289400 , 0.028500 , 5.823650 , 0.064868 , 6.931000 , 31.897000 , 0.000000 , 1000.095850 , 0.203500 , 0.005700 , 10.040500
364.937500 , 28.697000 , 5.678600 , 6.152260 , 0.867000 , 80.513250 , -0.290100 , 0.026500 , 5.795050 , 0.062458 , 6.930500 , 32.101500 , -0.005000 , 1000.097350 , 0.196000 , 0.005700 , 10.024000
365.937500 , 28.896000 , 5.666300 , 6.160496 , 0.876250 , 80.327100 , -0.290200 , 0.027500 , 5.761400 , 0.060057 , 6.933000 , 32.304000 , 0.000000 , 1000.098650 , 0.197500 , 0.005700 , 10.044000
366.937500 , 29.089000 , 5.657100 , 6.144277 , 0.872500 , 80.403850 , -0.287950 , 0.028000 , 5.764200 , 0.057796 , 6.924500 , 32.501000 , -0.005000 , 1000.099800 , 0.187500 , 0.005700 , 10.023500
367.937500 , 29.274000 , 5.643150 , 6.140929 , 0.875400 , 80.344200 , -0.290050 , 0.029500 , 5.777400 , 0.055611 , 6.925000 , 32.689500 , 0.015000 , 1000.101100 , 0.198500 , 0.005700 , 10.019000
369.000000 , 29.492000 , 5.632300 , 6.062229 , 0.878800 , 80.275800 , -0.290700 , 0.024000 , 5.750600 , 0.053446 , 6.922000 , 32.911500 , -0.020000 , 1000.102400 , 0.187000 , 0.005600 , 9.895000
370.062500 , 29.678500 , 5.629550 , 6.110276 , 0.869950 , 80.453150 , -0.285850 , 0.025500 , 5.753400 , 0.051446 , 6.922000 , 33.102000 , 0.020000 , 1000.103400 , 0.195000 , 0.005600 , 9.974500
371.000000 , 29.877000 , 5.624000 , 6.110758 , 0.885800 , 80.135800 , -0.289700 , 0.028000 , 5.752300 , 0.049826 , 6.922000 , 33.304500 , 0.000000 , 1000.104500 , 0.205000 , 0.005600 , 9.977000
371.937500 , 30.063000 , 5.617400 , 6.184577 , 0.882050 , 80.210650 , -0.295400 , 0.029500 , 5.728100 , 0.047954 , 6.920000 , 33.494000 , 0.010000 , 1000.105650 , 0.213000 , 0.005700 , 10.099500
372.875000 , 30.275000 , 5.613400 , 6.161443 , 0.885100 , 80.150100 , -0.291300 , 0.029000 , 5.683600 , 0.046363 , 6.920000 , 33.710500 , -0.040000 , 1000.106700 , 0.202000 , 0.005700 , 10.063000
