analysis/ctd/Lake Eleanor Rim Fire June 2014_down.txt
* Sea-Bird SBE25 Data File:
* FileName = C:\Documents and Settings\Field User\Desktop\Lake Eleanor Rim Fire June 2014.hex
* Software Version 1.59
* Temperature SN = 2360
* Conductivity SN = 2021
* System UpLoad Time = Jun 27 2014 08:17:34
** Lake Eleanor Rim Fire Sampling June 2014
* ds
# nquan = 18                                
# nvalues = 5344                        
# units = specified
# name 0 = timeS: Time, Elapsed [seconds]
# name 1 = prSM: Pressure, Strain Gauge [db]
# name 2 = t090C: Temperature [ITS-90, deg C]
# name 3 = c0uS/cm: Conductivity [uS/cm]
# name 4 = bat: Beam Attenuation, Chelsea/Seatech [1/m]
# name 5 = xmiss: Beam Transmission, Chelsea/Seatech [%]
# name 6 = wetStar: Fluorescence, WET Labs WETstar [mg/m^3]
# name 7 = seaTurbMtr: Turbidity, Seapoint [FTU]
# name 8 = sbeox0Mg/L: Oxygen, SBE 43 [mg/l]
# name 9 = par: PAR/Irradiance, Biospherical/Licor
# name 10 = ph: pH
# name 11 = depFM: Depth [fresh water, m], lat = 0
# name 12 = accM: Acceleration [m/s^2], WS = 2
# name 13 = density00: Density [density, kg/m^3]
# name 14 = dz/dtM: Descent Rate [m/s], WS = 2
# name 15 = sal00: Salinity, Practical [PSU]
# name 16 = specc: Specific Conductance [uS/cm]
# span 0 =      0.000,    667.875       
# span 1 =     -0.888,     57.986       
# span 2 =     4.8603,    22.1904       
# span 3 =   5.936551,   8.687575       
# span 4 =     0.7254,    13.5041       
# span 5 =     4.4493,    83.4150       
# span 6 =    -0.2946,    -0.2818       
# span 7 =      0.021,      0.035       
# span 8 =     1.7671,     8.7501       
# span 9 = 1.9987e-02, 3.8987e+03       
# span 10 =      7.106,      8.453      
# span 11 =     -0.906,     59.129      
# span 12 =      -0.11,       0.96      
# span 13 =   997.7353,  1000.2585      
# span 14 =     -0.334,      0.309      
# span 15 =     0.0054,     0.0129      
# span 16 = -1.337e-24,     11.573      
# span 17 = 0.0000e+00, 0.0000e+00      
# interval = seconds: 0.125
# start_time = Jun 25 2014 16:31:21 [Instrument's time stamp, header]
# bad_flag = -9.990e-29
*END*
[from data line 83]
201.875000 , 16.005000 , 7.201400 , 6.589407 , 0.762800 , 82.637600 , -0.287500 , 0.028000 , 8.477600 , 5.309200 , 7.857000 , 17.685000 , 0.050000 , 999.977600 , 0.225000 , 0.006700 , 10.227000
202.687500 , 16.227500 , 7.139500 , 6.454034 , 0.767850 , 82.533950 , -0.288450 , 0.027000 , 8.177550 , 5.141300 , 7.849000 , 17.911500 , -0.015000 , 999.981600 , 0.245500 , 0.006600 , 10.038000
203.500000 , 16.404000 , 7.103200 , 6.567676 , 0.764000 , 82.614500 , -0.287800 , 0.030000 , 7.556200 , 4.872300 , 7.838000 , 18.091000 , 0.000000 , 999.984300 , 0.231000 , 0.006600 , 10.228000
204.312500 , 16.605500 , 7.075650 , 6.573003 , 0.763800 , 82.616700 , -0.286450 , 0.026000 , 7.129750 , 4.717700 , 7.829000 , 18.297000 , -0.025000 , 999.986600 , 0.226500 , 0.006600 , 10.246000
205.187500 , 16.777500 , 7.053550 , 6.647686 , 0.762100 , 82.652800 , -0.286150 , 0.026500 , 7.320400 , 4.393700 , 7.818500 , 18.472500 , -0.005000 , 999.988250 , 0.211000 , 0.006650 , 10.367500
206.187500 , 17.008500 , 6.993900 , 6.642720 , 0.756100 , 82.776700 , -0.286800 , 0.028000 , 7.722650 , 4.143900 , 7.811000 , 18.708000 , 0.010000 , 999.992550 , 0.216500 , 0.006600 , 10.381500
207.062500 , 17.184000 , 6.979650 , 6.527449 , 0.763350 , 82.627200 , -0.288200 , 0.026500 , 7.915100 , 3.774550 , 7.796000 , 18.886500 , -0.005000 , 999.993800 , 0.224500 , 0.006550 , 10.205000
208.000000 , 17.403000 , 6.933700 , 6.607995 , 0.761300 , 82.668400 , -0.288900 , 0.027000 , 7.971600 , 3.686500 , 7.789000 , 19.110000 , -0.040000 , 999.997200 , 0.192000 , 0.006600 , 10.346000
209.062500 , 17.590500 , 6.888900 , 6.512021 , 0.761950 , 82.655200 , -0.286500 , 0.028500 , 8.098950 , 3.446200 , 7.775500 , 19.301500 , 0.020000 , 999.999900 , 0.189500 , 0.006500 , 10.209500
210.062500 , 17.777000 , 6.845300 , 6.538381 , 0.759750 , 82.701650 , -0.287050 , 0.029000 , 8.269500 , 3.230750 , 7.764000 , 19.491500 , 0.010000 , 1000.002750 , 0.203500 , 0.006500 , 10.265500
211.000000 , 17.984000 , 6.764000 , 6.518364 , 0.766700 , 82.557600 , -0.286400 , 0.029000 , 8.323400 , 3.177400 , 7.758000 , 19.703000 , 0.020000 , 1000.007300 , 0.216000 , 0.006400 , 10.255000
211.812500 , 18.160500 , 6.695800 , 6.501764 , 0.761400 , 82.666300 , -0.287300 , 0.027500 , 8.200000 , 3.097250 , 7.751000 , 19.882500 , 0.030000 , 1000.011050 , 0.240500 , 0.006400 , 10.257500
212.625000 , 18.372000 , 6.653200 , 6.506550 , 0.758900 , 82.719100 , -0.285300 , 0.028000 , 8.027400 , 3.018500 , 7.743000 , 20.098000 , 0.010000 , 1000.013800 , 0.257000 , 0.006400 , 10.281000
213.437500 , 18.584500 , 6.635200 , 6.475817 , 0.757450 , 82.748950 , -0.287500 , 0.027500 , 7.755050 , 2.919200 , 7.734500 , 20.315000 , -0.020000 , 1000.015600 , 0.247500 , 0.006350 , 10.234500
214.250000 , 18.770000 , 6.619900 , 6.560196 , 0.759100 , 82.715400 , -0.286500 , 0.026000 , 7.673200 , 2.832700 , 7.730000 , 20.504000 , -0.020000 , 1000.017200 , 0.227000 , 0.006400 , 10.374000
215.125000 , 18.970000 , 6.607400 , 6.406722 , 0.767200 , 82.548500 , -0.285200 , 0.029000 , 7.588100 , 2.736100 , 7.717000 , 20.708000 , 0.010000 , 1000.018600 , 0.232000 , 0.006300 , 10.134000
215.937500 , 19.160500 , 6.591350 , 6.400443 , 0.762800 , 82.638950 , -0.286100 , 0.029000 , 7.479100 , 2.598050 , 7.709000 , 20.902000 , 0.020000 , 1000.020200 , 0.246500 , 0.006300 , 10.129500
216.687500 , 19.355500 , 6.588450 , 6.466295 , 0.763900 , 82.615700 , -0.289200 , 0.027500 , 7.551900 , 2.442000 , 7.701500 , 21.101000 , 0.020000 , 1000.021200 , 0.264500 , 0.006300 , 10.234500
217.437500 , 19.558000 , 6.586350 , 6.404258 , 0.761450 , 82.665750 , -0.286450 , 0.028000 , 7.561550 , 2.296600 , 7.698000 , 21.307500 , 0.000000 , 1000.022300 , 0.268000 , 0.006300 , 10.137500
218.125000 , 19.737000 , 6.579400 , 6.458208 , 0.763900 , 82.616600 , -0.286400 , 0.028000 , 7.465000 , 2.189400 , 7.697000 , 21.490000 , 0.020000 , 1000.023500 , 0.279000 , 0.006300 , 10.225000
218.812500 , 19.941500 , 6.569950 , 6.425666 , 0.764550 , 82.602400 , -0.285400 , 0.027000 , 7.660600 , 2.095150 , 7.690000 , 21.699000 , -0.010000 , 1000.024850 , 0.280000 , 0.006300 , 10.175500
219.562500 , 20.142000 , 6.557550 , 6.525545 , 0.757450 , 82.748650 , -0.286400 , 0.030000 , 7.659950 , 1.988900 , 7.682000 , 21.903000 , -0.015000 , 1000.026350 , 0.268000 , 0.006300 , 10.339000
220.312500 , 20.344500 , 6.540650 , 6.494225 , 0.752800 , 82.845300 , -0.287300 , 0.027500 , 7.714450 , 1.857850 , 7.673500 , 22.109500 , -0.010000 , 1000.028000 , 0.261500 , 0.006300 , 10.294500
221.062500 , 20.535500 , 6.505000 , 6.515187 , 0.755100 , 82.797700 , -0.288100 , 0.024000 , 7.534250 , 1.811100 , 7.671000 , 22.304500 , 0.015000 , 1000.030350 , 0.260000 , 0.006300 , 10.339500
221.750000 , 20.712000 , 6.491100 , 6.431955 , 0.756200 , 82.773800 , -0.285000 , 0.027000 , 7.561800 , 1.692800 , 7.665000 , 22.484000 , 0.010000 , 1000.031700 , 0.275000 , 0.006300 , 10.212000
222.500000 , 20.940000 , 6.465700 , 6.478871 , 0.761600 , 82.663200 , -0.283600 , 0.026000 , 7.493000 , 1.646500 , 7.661000 , 22.717000 , -0.050000 , 1000.033800 , 0.245000 , 0.006300 , 10.295000
223.375000 , 21.108000 , 6.451000 , 6.436954 , 0.753300 , 82.834800 , -0.286600 , 0.026000 , 7.535300 , 1.514800 , 7.652000 , 22.888000 , 0.020000 , 1000.035200 , 0.238000 , 0.006200 , 10.230000
224.187500 , 21.338000 , 6.421600 , 6.530788 , 0.757000 , 82.759400 , -0.289250 , 0.029500 , 7.521400 , 1.500250 , 7.645000 , 23.122500 , 0.000000 , 1000.037600 , 0.248500 , 0.006300 , 10.392000
224.937500 , 21.497500 , 6.416300 , 6.381761 , 0.755600 , 82.787350 , -0.285450 , 0.030000 , 7.352650 , 1.397200 , 7.634000 , 23.285500 , 0.000000 , 1000.038300 , 0.250000 , 0.006200 , 10.158000
225.750000 , 21.727000 , 6.380600 , 6.538417 , 0.750300 , 82.898000 , -0.287100 , 0.031000 , 7.334500 , 1.373700 , 7.632000 , 23.519000 , -0.060000 , 1000.040900 , 0.226000 , 0.006300 , 10.414000
226.687500 , 21.892500 , 6.341150 , 6.427469 , 0.749950 , 82.903850 , -0.286650 , 0.030500 , 7.287800 , 1.291000 , 7.622000 , 23.688000 , 0.020000 , 1000.043100 , 0.196500 , 0.006200 , 10.256500
227.625000 , 22.094000 , 6.306700 , 6.454159 , 0.753400 , 82.832700 , -0.286300 , 0.026000 , 7.322700 , 1.257100 , 7.620000 , 23.894000 , 0.070000 , 1000.045400 , 0.252000 , 0.006200 , 10.307000
228.375000 , 22.308000 , 6.291700 , 6.375542 , 0.748900 , 82.925300 , -0.285200 , 0.029000 , 7.197400 , 1.176400 , 7.615000 , 24.112000 , -0.000000 , 1000.046900 , 0.277000 , 0.006100 , 10.187000
229.062500 , 22.500000 , 6.282300 , 6.443549 , 0.750700 , 82.888300 , -0.286500 , 0.032000 , 7.200150 , 1.155550 , 7.615000 , 24.307500 , -0.005000 , 1000.048200 , 0.270500 , 0.006200 , 10.298500
229.750000 , 22.673000 , 6.274000 , 6.414686 , 0.753700 , 82.826400 , -0.286600 , 0.031000 , 7.183200 , 1.101600 , 7.607000 , 24.484000 , 0.020000 , 1000.049400 , 0.278000 , 0.006100 , 10.255000
230.437500 , 22.884000 , 6.264600 , 6.420507 , 0.748950 , 82.926200 , -0.286150 , 0.029000 , 7.164900 , 1.043650 , 7.604000 , 24.699500 , -0.025000 , 1000.050700 , 0.279500 , 0.006100 , 10.267000
231.187500 , 23.078000 , 6.245400 , 6.423859 , 0.749800 , 82.907050 , -0.288950 , 0.029000 , 7.134300 , 1.010000 , 7.601000 , 24.897000 , -0.040000 , 1000.052350 , 0.245000 , 0.006100 , 10.280000
232.062500 , 23.279500 , 6.232150 , 6.346897 , 0.749750 , 82.908350 , -0.288100 , 0.028000 , 7.102350 , 0.959185 , 7.590500 , 25.102500 , -0.030000 , 1000.053750 , 0.217500 , 0.006100 , 10.161500
233.062500 , 23.477000 , 6.213800 , 6.412615 , 0.748350 , 82.937400 , -0.285450 , 0.028500 , 7.093500 , 0.913455 , 7.585500 , 25.304000 , 0.010000 , 1000.055400 , 0.200000 , 0.006100 , 10.269500
234.000000 , 23.678000 , 6.197500 , 6.392523 , 0.750400 , 82.894000 , -0.287500 , 0.030000 , 7.107600 , 0.859280 , 7.582000 , 25.509000 , -0.000000 , 1000.056900 , 0.213000 , 0.006100 , 10.245000
234.875000 , 23.853000 , 6.183700 , 6.393008 , 0.748700 , 82.931400 , -0.286800 , 0.029000 , 7.084800 , 0.823720 , 7.576000 , 25.687000 , -0.020000 , 1000.058300 , 0.207000 , 0.006100 , 10.250000
235.875000 , 24.067000 , 6.180800 , 6.443425 , 0.748400 , 82.936000 , -0.287400 , 0.030000 , 7.024600 , 0.788700 , 7.571000 , 25.906000 , -0.020000 , 1000.059500 , 0.190000 , 0.006100 , 10.332000
236.875000 , 24.240000 , 6.180600 , 6.351042 , 0.745500 , 82.996500 , -0.287900 , 0.029000 , 7.030600 , 0.733650 , 7.559000 , 26.082000 , 0.020000 , 1000.060200 , 0.215000 , 0.006100 , 10.185000
237.812500 , 24.457000 , 6.169550 , 6.401800 , 0.742750 , 83.052800 , -0.287700 , 0.028500 , 7.023000 , 0.719670 , 7.559000 , 26.303000 , -0.020000 , 1000.061750 , 0.205000 , 0.006100 , 10.269000
238.750000 , 24.651000 , 6.139500 , 6.406703 , 0.736500 , 83.183900 , -0.288000 , 0.026000 , 7.114600 , 0.665700 , 7.549000 , 26.501000 , -0.020000 , 1000.063700 , 0.198000 , 0.006100 , 10.284000
239.875000 , 24.828000 , 6.110200 , 6.448366 , 0.738700 , 83.139000 , -0.285200 , 0.026000 , 7.032200 , 0.624430 , 7.540000 , 26.682000 , -0.010000 , 1000.065600 , 0.160000 , 0.006100 , 10.363000
241.062500 , 25.031500 , 6.051150 , 6.437672 , 0.734850 , 83.216400 , -0.284950 , 0.029500 , 6.935700 , 0.596400 , 7.538500 , 26.889000 , 0.055000 , 1000.068450 , 0.203500 , 0.006050 , 10.365500
241.937500 , 25.245000 , 6.023950 , 6.373546 , 0.728200 , 83.356650 , -0.285350 , 0.026000 , 6.930650 , 0.556210 , 7.536000 , 27.106500 , -0.015000 , 1000.070350 , 0.227000 , 0.006000 , 10.271500
242.812500 , 25.415000 , 6.004850 , 6.380738 , 0.729950 , 83.319850 , -0.284650 , 0.029000 , 6.894100 , 0.538235 , 7.534000 , 27.280000 , 0.000000 , 1000.071850 , 0.210500 , 0.006000 , 10.288500
243.750000 , 25.637000 , 5.978900 , 6.332517 , 0.728300 , 83.353700 , -0.285600 , 0.026000 , 6.888600 , 0.505930 , 7.529000 , 27.506000 , 0.020000 , 1000.073700 , 0.234000 , 0.005900 , 10.218000
244.625000 , 25.827000 , 5.961800 , 6.346129 , 0.732600 , 83.264700 , -0.287400 , 0.026000 , 6.937000 , 0.478990 , 7.524000 , 27.700000 , 0.010000 , 1000.075200 , 0.238000 , 0.005900 , 10.248000
245.437500 , 26.039000 , 5.944050 , 6.364567 , 0.735050 , 83.213950 , -0.286500 , 0.027000 , 6.851000 , 0.457670 , 7.522000 , 27.916500 , -0.025000 , 1000.076700 , 0.238000 , 0.006000 , 10.283000
246.250000 , 26.213000 , 5.932900 , 6.414092 , 0.733500 , 83.244800 , -0.284600 , 0.026000 , 6.783800 , 0.433550 , 7.516000 , 28.094000 , -0.050000 , 1000.078000 , 0.206000 , 0.006000 , 10.367000
247.312500 , 26.408500 , 5.923150 , 6.413201 , 0.737100 , 83.171700 , -0.286600 , 0.028000 , 6.762400 , 0.415550 , 7.512000 , 28.293500 , 0.020000 , 1000.079250 , 0.185000 , 0.006000 , 10.369000
248.375000 , 26.630000 , 5.909800 , 6.405652 , 0.744200 , 83.024000 , -0.287200 , 0.026000 , 6.652800 , 0.395490 , 7.507000 , 28.519000 , 0.020000 , 1000.080700 , 0.208000 , 0.006000 , 10.361000
249.250000 , 26.800000 , 5.908300 , 6.402703 , 0.749600 , 82.912000 , -0.286600 , 0.029000 , 6.611100 , 0.377030 , 7.503000 , 28.692000 , -0.000000 , 1000.081600 , 0.210000 , 0.006000 , 10.359000
250.187500 , 26.996500 , 5.899350 , 6.437530 , 0.756400 , 82.769550 , -0.287200 , 0.028000 , 6.595150 , 0.371770 , 7.502000 , 28.892500 , 0.020000 , 1000.082850 , 0.224500 , 0.006000 , 10.416000
251.062500 , 27.220000 , 5.892650 , 6.381816 , 0.756700 , 82.764500 , -0.286350 , 0.030000 , 6.561200 , 0.361830 , 7.499000 , 29.120500 , -0.005000 , 1000.084100 , 0.237000 , 0.005900 , 10.328000
251.875000 , 27.391000 , 5.885400 , 6.435460 , 0.754900 , 82.801600 , -0.285600 , 0.029000 , 6.488000 , 0.354170 , 7.499000 , 29.295000 , -0.010000 , 1000.085200 , 0.216000 , 0.006000 , 10.418000
252.750000 , 27.589000 , 5.879400 , 6.330403 , 0.763700 , 82.618800 , -0.287600 , 0.031000 , 6.503300 , 0.342300 , 7.493000 , 29.497000 , -0.020000 , 1000.086300 , 0.211000 , 0.005900 , 10.250000
253.750000 , 27.773000 , 5.875400 , 6.266101 , 0.761600 , 82.661600 , -0.287700 , 0.028000 , 6.427400 , 0.331330 , 7.487000 , 29.685000 , -0.030000 , 1000.087300 , 0.180000 , 0.005900 , 10.147000
254.812500 , 27.963000 , 5.866350 , 6.394988 , 0.768200 , 82.525800 , -0.286500 , 0.030000 , 6.385400 , 0.319830 , 7.486500 , 29.878500 , 0.055000 , 1000.088550 , 0.204500 , 0.005900 , 10.359000
255.687500 , 28.170500 , 5.862150 , 6.345302 , 0.774050 , 82.408050 , -0.289750 , 0.028000 , 6.357650 , 0.307065 , 7.482000 , 30.090000 , 0.040000 , 1000.089600 , 0.257000 , 0.005900 , 10.279500
256.437500 , 28.377500 , 5.853150 , 6.227097 , 0.777550 , 82.334450 , -0.287300 , 0.026000 , 6.351400 , 0.298670 , 7.482000 , 30.301000 , -0.025000 , 1000.090850 , 0.250500 , 0.005800 , 10.091500
257.250000 , 28.561000 , 5.841700 , 6.431442 , 0.774900 , 82.387900 , -0.284300 , 0.031000 , 6.307000 , 0.288330 , 7.477000 , 30.488000 , -0.010000 , 1000.092200 , 0.240000 , 0.005900 , 10.426000
258.125000 , 28.785000 , 5.833100 , 6.376802 , 0.775900 , 82.366800 , -0.285200 , 0.031000 , 6.263200 , 0.279050 , 7.478000 , 30.717000 , -0.020000 , 1000.093500 , 0.228000 , 0.005900 , 10.340000
259.000000 , 28.961000 , 5.815600 , 6.396860 , 0.785500 , 82.171800 , -0.285800 , 0.029000 , 6.223700 , 0.267810 , 7.471000 , 30.896000 , 0.010000 , 1000.094900 , 0.222000 , 0.005900 , 10.379000
259.875000 , 29.172000 , 5.811100 , 6.310960 , 0.789500 , 82.088900 , -0.287300 , 0.032000 , 6.151800 , 0.253580 , 7.469000 , 31.111000 , -0.010000 , 1000.096000 , 0.218000 , 0.005900 , 10.241000
260.750000 , 29.345000 , 5.803200 , 6.324594 , 0.799600 , 81.880800 , -0.286900 , 0.027000 , 6.133500 , 0.239760 , 7.467000 , 31.288000 , 0.030000 , 1000.097100 , 0.221000 , 0.005900 , 10.265000
261.625000 , 29.559000 , 5.796900 , 6.388773 , 0.810100 , 81.666800 , -0.288000 , 0.027000 , 6.105100 , 0.226790 , 7.467000 , 31.506000 , 0.010000 , 1000.098400 , 0.241000 , 0.005900 , 10.372000
262.437500 , 29.752500 , 5.792500 , 6.362499 , 0.814600 , 81.574650 , -0.288400 , 0.026000 , 6.090700 , 0.215095 , 7.465000 , 31.703000 , 0.000000 , 1000.099400 , 0.247000 , 0.005900 , 10.331000
263.250000 , 29.959000 , 5.783600 , 6.345032 , 0.819200 , 81.481000 , -0.286900 , 0.026000 , 6.062800 , 0.207850 , 7.462000 , 31.914000 , -0.010000 , 1000.100700 , 0.242000 , 0.005900 , 10.305000
264.062500 , 30.147500 , 5.775450 , 6.358638 , 0.817900 , 81.507150 , -0.286650 , 0.029500 , 6.094000 , 0.200095 , 7.462000 , 32.106000 , 0.000000 , 1000.101850 , 0.234500 , 0.005900 , 10.330000
264.875000 , 30.338000 , 5.759700 , 6.334556 , 0.823000 , 81.403100 , -0.285800 , 0.026000 , 6.079700 , 0.190870 , 7.457000 , 32.300000 , 0.000000 , 1000.103200 , 0.237000 , 0.005900 , 10.296000
265.750000 , 30.547000 , 5.749400 , 6.262386 , 0.830000 , 81.261700 , -0.286400 , 0.027000 , 5.981700 , 0.180940 , 7.456000 , 32.513000 , -0.030000 , 1000.104500 , 0.222000 , 0.005800 , 10.183000
266.687500 , 30.737000 , 5.743800 , 6.349925 , 0.830300 , 81.254750 , -0.288350 , 0.027000 , 5.972000 , 0.172075 , 7.449000 , 32.707000 , -0.030000 , 1000.105650 , 0.193000 , 0.005900 , 10.326500
267.750000 , 30.928000 , 5.731800 , 6.366969 , 0.847200 , 80.912200 , -0.285600 , 0.028000 , 5.923100 , 0.163880 , 7.448000 , 32.902000 , 0.020000 , 1000.106900 , 0.180000 , 0.005900 , 10.358000
268.750000 , 31.130000 , 5.724700 , 6.405577 , 0.866200 , 80.527600 , -0.285900 , 0.026000 , 5.875700 , 0.156350 , 7.442000 , 33.108000 , 0.020000 , 1000.108100 , 0.204000 , 0.005900 , 10.424000
269.625000 , 31.294000 , 5.721700 , 6.395592 , 0.867900 , 80.496300 , -0.287600 , 0.026000 , 5.792700 , 0.149590 , 7.442000 , 33.275000 , -0.010000 , 1000.109000 , 0.208000 , 0.005900 , 10.409000
270.625000 , 31.510000 , 5.712300 , 6.392719 , 0.875900 , 80.332400 , -0.285800 , 0.029000 , 5.834800 , 0.144810 , 7.440000 , 33.495000 , 0.000000 , 1000.110300 , 0.200000 , 0.005900 , 10.407000
271.625000 , 31.718000 , 5.706900 , 6.342123 , 0.887100 , 80.110100 , -0.286700 , 0.029000 , 5.826200 , 0.139340 , 7.433000 , 33.707000 , 0.020000 , 1000.111400 , 0.218000 , 0.005800 , 10.327000
