analysis/ctd/Lake Eleanor Sept14_down.txt
* Sea-Bird SBE19plus Data File:
* FileName = C:\Documents and Settings\Field User\Desktop\Lake Eleanor Sept14.hex
* Software Version 1.59
* Temperature SN =  4558
* Conductivity SN =  4558
* System UpLoad Time = Sep 17 2014 16:46:56
** Lake Eleanor Rim Fire sampling Sept 2014
* ds
# nquan = 16                                
# nvalues = 2095                        
# units = specified
# name 0 = timeS: Time, Elapsed [seconds]
# name 1 = prdM: Pressure, Strain Gauge [db]
# name 2 = tv290C: Temperature [ITS-90, deg C]
# name 3 = c0uS/cm: Conductivity [uS/cm]
# name 4 = CStarAt0: Beam Attenuation, WET Labs C-Star [1/m]
# name 5 = CStarTr0: Beam Transmission, WET Labs C-Star [%]
# name 6 = chloroflTC0: Chlorophyll, Turner Cyclops [ug/l]
# name 7 = seaTurbMtr: Turbidity, Seapoint [FTU]
# name 8 = sbeox0Mg/L: Oxygen, SBE 43 [mg/l]
# name 9 = depFM: Depth [fresh water, m], lat = 0
# name 10 = accM: Acceleration [m/s^2], WS = 2
# name 11 = density00: Density [density, kg/m^3]
# name 12 = dz/dtM: Descent Rate [m/s], WS = 2
# name 13 = sal00: Salinity, Practical [PSU]
# name 14 = specc: Specific Conductance [uS/cm]
# name 15 = flag: flag
# span 0 =      0.000,    523.500       
# span 1 =     -1.573,     55.938       
# span 2 =     4.9235,    30.2269       
# span 3 =  -0.107505,  17.166574       
# span 4 =     0.5037,    16.6121       
# span 5 =     4.3324,    88.1682       
# span 6 =     0.0000,    11.5496       
# span 7 =      0.000,      4.328       
# span 8 =     0.4741,    10.4200       
# span 9 =     -1.604,     57.041       
# span 10 =      -0.17,       0.08      
# span 11 =   995.5732,  1000.2484      
# span 12 =     -0.407,      0.274      
# span 13 =     0.0000,     0.0164      
# span 14 =     -0.097,     17.793      
# span 15 = 0.0000e+00, 0.0000e+00      
# interval = seconds: 0.25
# start_time = Sep 11 2014 16:13:35 [Instrument's time stamp, header]
# bad_flag = -9.990e-29
*END*
119.625000 , -0.547500 , 22.515950 , 11.573006 , 0.716550 , 83.635850 , 2.210900 , 0.231500 , 7.556400 , 1.080000 , 0.020000 , 997.661650 , 0.189000 , 0.014100 , 12.176500 , 0.000000
120.625000 , -0.352500 , 22.518300 , 11.516997 , 0.712750 , 83.683300 , 2.246300 , 0.222500 , 7.557150 , 1.279000 , 0.020000 , 997.661950 , 0.208500 , 0.014100 , 12.117500 , 0.000000
121.625000 , -0.129000 , 22.517750 , 11.514142 , 0.708950 , 83.758350 , 2.288800 , 0.208500 , 7.574500 , 1.506500 , 0.005000 , 997.663100 , 0.221000 , 0.014100 , 12.114000 , 0.000000
122.500000 , 0.060000 , 22.511800 , 11.539954 , 0.707600 , 83.786400 , 2.310800 , 0.199000 , 7.581000 , 1.699000 , 0.010000 , 997.665400 , 0.224000 , 0.014100 , 12.143000 , 0.000000
123.375000 , 0.262500 , 22.495400 , 11.557685 , 0.707900 , 83.778450 , 2.328250 , 0.204000 , 7.565100 , 1.906000 , 0.010000 , 997.670100 , 0.235500 , 0.014100 , 12.165500 , 0.000000
124.250000 , 0.472000 , 22.465100 , 11.545497 , 0.708800 , 83.761100 , 2.351700 , 0.225000 , 7.549500 , 2.119000 , 0.010000 , 997.678100 , 0.244000 , 0.014100 , 12.161000 , 0.000000
125.000000 , 0.658000 , 22.436800 , 11.540989 , 0.707800 , 83.781300 , 2.361600 , 0.243000 , 7.563600 , 2.309000 , -0.000000 , 997.685400 , 0.246000 , 0.014000 , 12.161000 , 0.000000
125.750000 , 0.842000 , 22.409700 , 11.523962 , 0.707800 , 83.781400 , 2.397400 , 0.254000 , 7.585200 , 2.497000 , -0.000000 , 997.692500 , 0.242000 , 0.014000 , 12.152000 , 0.000000
126.500000 , 1.021000 , 22.354500 , 11.513334 , 0.711700 , 83.700200 , 2.438200 , 0.259000 , 7.588200 , 2.679000 , -0.000000 , 997.706100 , 0.240000 , 0.014000 , 12.155000 , 0.000000
127.375000 , 1.231000 , 22.281600 , 11.525398 , 0.718100 , 83.567250 , 2.444350 , 0.263500 , 7.576150 , 2.893500 , -0.010000 , 997.723800 , 0.235000 , 0.014000 , 12.187500 , 0.000000
128.250000 , 1.433000 , 22.230900 , 11.523384 , 0.726700 , 83.387100 , 2.452100 , 0.281000 , 7.576100 , 3.099000 , -0.000000 , 997.736400 , 0.230000 , 0.014000 , 12.196000 , 0.000000
129.125000 , 1.632500 , 22.196200 , 11.530620 , 0.735000 , 83.214450 , 2.496050 , 0.303000 , 7.592600 , 3.303000 , 0.000000 , 997.745200 , 0.227000 , 0.014000 , 12.214500 , 0.000000
130.000000 , 1.830000 , 22.163000 , 11.509134 , 0.739900 , 83.113200 , 2.565100 , 0.304000 , 7.620500 , 3.504000 , 0.000000 , 997.753700 , 0.228000 , 0.014000 , 12.200000 , 0.000000
130.875000 , 2.032000 , 22.111700 , 11.460293 , 0.737100 , 83.170950 , 2.616400 , 0.281000 , 7.637250 , 3.710000 , 0.000000 , 997.766300 , 0.231500 , 0.013900 , 12.163500 , 0.000000
131.750000 , 2.236000 , 22.038800 , 11.451583 , 0.738000 , 83.151800 , 2.654000 , 0.256000 , 7.629500 , 3.918000 , -0.000000 , 997.783800 , 0.231000 , 0.013900 , 12.170000 , 0.000000
132.500000 , 2.408000 , 21.993000 , 11.443102 , 0.738900 , 83.133400 , 2.701800 , 0.245000 , 7.618300 , 4.093000 , -0.000000 , 997.795000 , 0.229000 , 0.013900 , 12.174000 , 0.000000
133.375000 , 2.607000 , 21.952300 , 11.441878 , 0.741700 , 83.075550 , 2.728600 , 0.240000 , 7.607350 , 4.296500 , 0.010000 , 997.805100 , 0.232000 , 0.013900 , 12.183000 , 0.000000
134.250000 , 2.814000 , 21.919500 , 11.436526 , 0.743900 , 83.029900 , 2.733100 , 0.237000 , 7.599900 , 4.507000 , 0.010000 , 997.813500 , 0.241000 , 0.013900 , 12.186000 , 0.000000
135.000000 , 2.997000 , 21.891700 , 11.406295 , 0.748500 , 82.932700 , 2.756200 , 0.231000 , 7.607700 , 4.694000 , 0.010000 , 997.820600 , 0.247000 , 0.013900 , 12.161000 , 0.000000
135.750000 , 3.185000 , 21.867500 , 11.386477 , 0.748900 , 82.925400 , 2.816800 , 0.236000 , 7.612400 , 4.886000 , -0.000000 , 997.826900 , 0.249000 , 0.013800 , 12.146000 , 0.000000
136.500000 , 3.372000 , 21.853200 , 11.379034 , 0.747200 , 82.961800 , 2.855300 , 0.237000 , 7.605000 , 5.076000 , -0.000000 , 997.831000 , 0.247000 , 0.013800 , 12.142000 , 0.000000
137.375000 , 3.586500 , 21.840650 , 11.380728 , 0.747450 , 82.956000 , 2.857550 , 0.215500 , 7.610050 , 5.295000 , 0.000000 , 997.834750 , 0.245000 , 0.013800 , 12.147000 , 0.000000
138.250000 , 3.799000 , 21.822500 , 11.406650 , 0.748300 , 82.937700 , 2.835900 , 0.202000 , 7.618200 , 5.512000 , 0.010000 , 997.839800 , 0.247000 , 0.013800 , 12.179000 , 0.000000
139.000000 , 3.988000 , 21.799500 , 11.414964 , 0.753200 , 82.836500 , 2.839200 , 0.196000 , 7.623100 , 5.705000 , 0.010000 , 997.845900 , 0.255000 , 0.013800 , 12.194000 , 0.000000
139.750000 , 4.182000 , 21.781800 , 11.412223 , 0.756100 , 82.776700 , 2.843900 , 0.204000 , 7.628000 , 5.902000 , 0.010000 , 997.850700 , 0.262000 , 0.013800 , 12.196000 , 0.000000
140.500000 , 4.381000 , 21.766400 , 11.408191 , 0.755800 , 82.783900 , 2.868500 , 0.231000 , 7.615300 , 6.105000 , 0.000000 , 997.855100 , 0.265000 , 0.013800 , 12.196000 , 0.000000
141.250000 , 4.579000 , 21.749900 , 11.393138 , 0.757200 , 82.753700 , 2.927600 , 0.241000 , 7.602300 , 6.307000 , -0.000000 , 997.859700 , 0.264000 , 0.013800 , 12.184000 , 0.000000
142.000000 , 4.776000 , 21.731600 , 11.382747 , 0.759400 , 82.708700 , 2.941200 , 0.245000 , 7.606800 , 6.508000 , -0.000000 , 997.864700 , 0.261000 , 0.013800 , 12.177000 , 0.000000
142.750000 , 4.971000 , 21.716500 , 11.383143 , 0.761400 , 82.668500 , 2.978500 , 0.261000 , 7.601400 , 6.707000 , -0.000000 , 997.869000 , 0.258000 , 0.013800 , 12.181000 , 0.000000
143.500000 , 5.163000 , 21.699100 , 11.388471 , 0.766100 , 82.569800 , 2.953500 , 0.273000 , 7.584600 , 6.903000 , -0.000000 , 997.873700 , 0.255000 , 0.013800 , 12.193000 , 0.000000
144.250000 , 5.353000 , 21.684700 , 11.361850 , 0.768700 , 82.515500 , 2.941200 , 0.274000 , 7.587400 , 7.097000 , -0.010000 , 997.877800 , 0.251000 , 0.013800 , 12.167000 , 0.000000
145.000000 , 5.539000 , 21.673800 , 11.339227 , 0.769000 , 82.509500 , 2.975900 , 0.274000 , 7.611800 , 7.286000 , -0.000000 , 997.881100 , 0.246000 , 0.013800 , 12.146000 , 0.000000
145.875000 , 5.753000 , 21.666500 , 11.368638 , 0.773050 , 82.426850 , 3.042800 , 0.286000 , 7.633950 , 7.504500 , 0.000000 , 997.883700 , 0.245500 , 0.013800 , 12.179500 , 0.000000
146.750000 , 5.967000 , 21.656500 , 11.360982 , 0.776700 , 82.351600 , 3.063600 , 0.309000 , 7.691100 , 7.723000 , 0.000000 , 997.886900 , 0.248000 , 0.013800 , 12.174000 , 0.000000
147.500000 , 6.156000 , 21.629400 , 11.347363 , 0.782600 , 82.229900 , 3.100600 , 0.324000 , 7.815200 , 7.915000 , -0.000000 , 997.893800 , 0.249000 , 0.013800 , 12.166000 , 0.000000
148.250000 , 6.342000 , 21.563000 , 11.324730 , 0.790400 , 82.070200 , 3.056500 , 0.344000 , 8.019300 , 8.105000 , -0.000000 , 997.909500 , 0.247000 , 0.013800 , 12.159000 , 0.000000
149.000000 , 6.527000 , 21.385100 , 11.235034 , 0.799100 , 81.891800 , 2.979300 , 0.382000 , 8.287600 , 8.294000 , -0.000000 , 997.949700 , 0.245000 , 0.013700 , 12.109000 , 0.000000
149.750000 , 6.709000 , 21.191000 , 11.110290 , 0.807400 , 81.723000 , 3.003000 , 0.422000 , 8.687100 , 8.479000 , -0.000000 , 997.993100 , 0.244000 , 0.013600 , 12.025000 , 0.000000
150.625000 , 6.924000 , 20.913100 , 10.863659 , 0.828000 , 81.303500 , 3.094750 , 0.464500 , 9.247450 , 8.698500 , 0.000000 , 998.054400 , 0.244000 , 0.013400 , 11.829000 , 0.000000
151.500000 , 7.136000 , 20.450200 , 10.505493 , 0.852500 , 80.806500 , 3.144000 , 0.496000 , 9.690800 , 8.915000 , -0.000000 , 998.154100 , 0.242000 , 0.013100 , 11.556000 , 0.000000
152.250000 , 7.318000 , 19.891600 , 10.041407 , 0.876000 , 80.333800 , 3.114300 , 0.565000 , 9.941200 , 9.100000 , 0.000000 , 998.271000 , 0.242000 , 0.012800 , 11.183000 , 0.000000
153.000000 , 7.499000 , 19.242200 , 9.675201 , 0.901000 , 79.833500 , 3.080500 , 0.612000 , 10.087200 , 9.285000 , 0.000000 , 998.402700 , 0.244000 , 0.012500 , 10.933000 , 0.000000
153.750000 , 7.683000 , 18.634500 , 9.447052 , 0.937400 , 79.111500 , 3.053000 , 0.627000 , 10.119000 , 9.472000 , 0.000000 , 998.522000 , 0.247000 , 0.012200 , 10.824000 , 0.000000
154.625000 , 7.901000 , 17.839500 , 9.182122 , 0.992400 , 78.032500 , 2.972350 , 0.631000 , 10.156700 , 9.694500 , -0.005000 , 998.671950 , 0.245500 , 0.011850 , 10.716000 , 0.000000
155.500000 , 8.113000 , 17.096200 , 9.021759 , 1.053500 , 76.849500 , 3.000000 , 0.652000 , 10.174100 , 9.911000 , -0.010000 , 998.805900 , 0.237000 , 0.011600 , 10.715000 , 0.000000
156.250000 , 8.286000 , 16.421200 , 8.886391 , 1.090600 , 76.139800 , 3.060500 , 0.659000 , 10.164500 , 10.087000 , 0.000000 , 998.922100 , 0.236000 , 0.011300 , 10.726000 , 0.000000
157.125000 , 8.497000 , 15.537050 , 8.743243 , 1.125650 , 75.473400 , 3.085300 , 0.650000 , 10.166750 , 10.302500 , 0.010000 , 999.066350 , 0.241000 , 0.010950 , 10.783500 , 0.000000
158.000000 , 8.708000 , 14.917000 , 8.653527 , 1.146300 , 75.084400 , 3.101500 , 0.620000 , 10.148500 , 10.518000 , -0.000000 , 999.162500 , 0.240000 , 0.010700 , 10.838000 , 0.000000
158.750000 , 8.887000 , 14.509400 , 8.582796 , 1.156300 , 74.896700 , 3.114800 , 0.589000 , 10.093600 , 10.700000 , -0.010000 , 999.223400 , 0.236000 , 0.010600 , 10.861000 , 0.000000
159.625000 , 9.091500 , 14.023950 , 8.511496 , 1.138600 , 75.229700 , 3.084250 , 0.561500 , 9.928350 , 10.909000 , 0.000000 , 999.293300 , 0.234500 , 0.010350 , 10.905000 , 0.000000
160.500000 , 9.297000 , 13.530800 , 8.451047 , 1.110300 , 75.764500 , 3.119900 , 0.535000 , 9.725100 , 11.118000 , -0.000000 , 999.361400 , 0.235000 , 0.010200 , 10.966000 , 0.000000
161.250000 , 9.473000 , 13.052300 , 8.417525 , 1.077600 , 76.385400 , 3.145100 , 0.498000 , 9.562900 , 11.298000 , 0.000000 , 999.424600 , 0.236000 , 0.010000 , 11.060000 , 0.000000
162.000000 , 9.651000 , 12.495500 , 8.340255 , 1.045600 , 77.000000 , 3.178900 , 0.436000 , 9.441700 , 11.479000 , 0.010000 , 999.494400 , 0.243000 , 0.009800 , 11.121000 , 0.000000
162.875000 , 9.869500 , 11.883250 , 8.245772 , 1.007400 , 77.738450 , 3.239350 , 0.376000 , 9.341100 , 11.702000 , 0.010000 , 999.566700 , 0.253000 , 0.009500 , 11.177000 , 0.000000
163.750000 , 10.095000 , 11.343400 , 8.160778 , 0.971500 , 78.439900 , 3.283100 , 0.338000 , 9.228800 , 11.932000 , 0.010000 , 999.626700 , 0.261000 , 0.009200 , 11.226000 , 0.000000
164.375000 , 10.259000 , 11.102800 , 8.143953 , 0.945950 , 78.941650 , 3.370800 , 0.310500 , 9.141100 , 12.099500 , 0.005000 , 999.652550 , 0.264500 , 0.009150 , 11.278000 , 0.000000
165.000000 , 10.425000 , 10.873500 , 8.136219 , 0.920400 , 79.447600 , 3.393800 , 0.297000 , 9.049800 , 12.269000 , 0.000000 , 999.676600 , 0.266000 , 0.009100 , 11.339000 , 0.000000
165.750000 , 10.625000 , 10.666500 , 8.095134 , 0.900700 , 79.838100 , 3.405300 , 0.293000 , 8.938300 , 12.472000 , 0.000000 , 999.697800 , 0.266000 , 0.009000 , 11.348000 , 0.000000
166.500000 , 10.824000 , 10.432700 , 8.090083 , 0.887600 , 80.099100 , 3.483100 , 0.300000 , 8.815500 , 12.675000 , -0.000000 , 999.721100 , 0.265000 , 0.008900 , 11.415000 , 0.000000
167.250000 , 11.022000 , 10.202800 , 8.057448 , 0.885200 , 80.148100 , 3.530900 , 0.313000 , 8.715400 , 12.877000 , 0.000000 , 999.743300 , 0.266000 , 0.008800 , 11.444000 , 0.000000
168.000000 , 11.224000 , 9.935800 , 8.034980 , 0.883400 , 80.184500 , 3.564500 , 0.320000 , 8.641600 , 13.083000 , 0.000000 , 999.768000 , 0.267000 , 0.008600 , 11.499000 , 0.000000
168.750000 , 11.423000 , 9.705600 , 8.019514 , 0.878100 , 80.290800 , 3.521000 , 0.313000 , 8.577000 , 13.286000 , -0.000000 , 999.788700 , 0.267000 , 0.008500 , 11.553000 , 0.000000
169.500000 , 11.624000 , 9.440000 , 8.009480 , 0.870300 , 80.446200 , 3.464600 , 0.297000 , 8.523700 , 13.491000 , 0.000000 , 999.811500 , 0.267000 , 0.008400 , 11.627000 , 0.000000
170.250000 , 11.823000 , 9.225100 , 7.980133 , 0.862000 , 80.615400 , 3.417500 , 0.260000 , 8.479100 , 13.694000 , -0.000000 , 999.829400 , 0.266000 , 0.008300 , 11.658000 , 0.000000
171.000000 , 12.023000 , 9.020500 , 7.971593 , 0.843400 , 80.990200 , 3.388300 , 0.222000 , 8.429600 , 13.898000 , 0.000000 , 999.846000 , 0.267000 , 0.008300 , 11.715000 , 0.000000
171.750000 , 12.224000 , 8.854400 , 7.962472 , 0.821200 , 81.440700 , 3.400100 , 0.217000 , 8.370700 , 14.103000 , 0.000000 , 999.859200 , 0.268000 , 0.008200 , 11.759000 , 0.000000
172.500000 , 12.426000 , 8.720200 , 7.934401 , 0.804100 , 81.790200 , 3.401100 , 0.225000 , 8.308500 , 14.309000 , -0.000000 , 999.869800 , 0.266000 , 0.008100 , 11.764000 , 0.000000
173.250000 , 12.624000 , 8.598400 , 7.938517 , 0.788400 , 82.111300 , 3.386400 , 0.217000 , 8.245200 , 14.511000 , -0.010000 , 999.879200 , 0.263000 , 0.008100 , 11.815000 , 0.000000
174.000000 , 12.820000 , 8.463300 , 7.927747 , 0.769500 , 82.499000 , 3.376400 , 0.223000 , 8.183400 , 14.711000 , -0.010000 , 999.889400 , 0.258000 , 0.008000 , 11.845000 , 0.000000
174.750000 , 13.011000 , 8.345500 , 7.900829 , 0.758000 , 82.738300 , 3.360400 , 0.214000 , 8.126200 , 14.906000 , -0.010000 , 999.898100 , 0.252000 , 0.007900 , 11.846000 , 0.000000
175.500000 , 13.198000 , 8.242200 , 7.892017 , 0.753800 , 82.823200 , 3.389000 , 0.167000 , 8.069700 , 15.096000 , -0.010000 , 999.905700 , 0.248000 , 0.007900 , 11.871000 , 0.000000
176.250000 , 13.383000 , 8.148400 , 7.882120 , 0.741400 , 83.080700 , 3.404600 , 0.137000 , 8.010900 , 15.285000 , -0.000000 , 999.912500 , 0.245000 , 0.007900 , 11.888000 , 0.000000
177.125000 , 13.595500 , 8.058300 , 7.869303 , 0.730000 , 83.319400 , 3.402350 , 0.120000 , 7.933450 , 15.501500 , 0.000000 , 999.919100 , 0.244000 , 0.007800 , 11.899000 , 0.000000
178.000000 , 13.809000 , 7.990500 , 7.857678 , 0.721200 , 83.501200 , 3.405500 , 0.114000 , 7.851500 , 15.719000 , 0.010000 , 999.924300 , 0.249000 , 0.007800 , 11.908000 , 0.000000
178.750000 , 14.000000 , 7.928300 , 7.854113 , 0.716800 , 83.593700 , 3.388100 , 0.112000 , 7.776900 , 15.914000 , 0.000000 , 999.928900 , 0.253000 , 0.007700 , 11.925000 , 0.000000
179.500000 , 14.188000 , 7.867400 , 7.829831 , 0.717700 , 83.575800 , 3.377200 , 0.112000 , 7.708500 , 16.106000 , -0.000000 , 999.933400 , 0.253000 , 0.007700 , 11.902000 , 0.000000
180.250000 , 14.380000 , 7.790200 , 7.870980 , 0.718800 , 83.551200 , 3.356300 , 0.108000 , 7.645500 , 16.302000 , -0.000000 , 999.938900 , 0.251000 , 0.007700 , 12.001000 , 0.000000
181.000000 , 14.565000 , 7.707400 , 7.864149 , 0.724400 , 83.434200 , 3.309300 , 0.101000 , 7.590400 , 16.490000 , -0.000000 , 999.944500 , 0.249000 , 0.007700 , 12.021000 , 0.000000
181.750000 , 14.753000 , 7.615100 , 7.840105 , 0.726500 , 83.392800 , 3.304700 , 0.090000 , 7.542500 , 16.682000 , 0.010000 , 999.950500 , 0.251000 , 0.007600 , 12.018000 , 0.000000
182.500000 , 14.942000 , 7.523700 , 7.832021 , 0.722300 , 83.479700 , 3.241500 , 0.103000 , 7.489900 , 16.875000 , 0.010000 , 999.956400 , 0.256000 , 0.007600 , 12.038000 , 0.000000
183.250000 , 15.137000 , 7.442700 , 7.842652 , 0.718600 , 83.556800 , 3.167200 , 0.123000 , 7.421300 , 17.073000 , -0.000000 , 999.961700 , 0.257000 , 0.007500 , 12.086000 , 0.000000
184.125000 , 15.360000 , 7.377900 , 7.814598 , 0.708300 , 83.771100 , 3.062350 , 0.129500 , 7.333150 , 17.300500 , 0.000000 , 999.966150 , 0.254500 , 0.007500 , 12.067000 , 0.000000
185.000000 , 15.582000 , 7.311700 , 7.795424 , 0.694600 , 84.060100 , 2.961200 , 0.125000 , 7.251400 , 17.527000 , -0.000000 , 999.970600 , 0.252000 , 0.007500 , 12.061000 , 0.000000
185.750000 , 15.770000 , 7.247300 , 7.806215 , 0.679800 , 84.371100 , 2.940200 , 0.123000 , 7.196200 , 17.719000 , 0.000000 , 999.974800 , 0.252000 , 0.007400 , 12.103000 , 0.000000
186.500000 , 15.961000 , 7.189700 , 7.833479 , 0.667400 , 84.632500 , 2.948500 , 0.124000 , 7.155100 , 17.914000 , -0.000000 , 999.978600 , 0.251000 , 0.007400 , 12.167000 , 0.000000
187.250000 , 16.147000 , 7.134500 , 7.854808 , 0.662500 , 84.736600 , 2.871800 , 0.124000 , 7.114500 , 18.103000 , -0.010000 , 999.982200 , 0.247000 , 0.007400 , 12.228000 , 0.000000
188.000000 , 16.331000 , 7.087900 , 7.829311 , 0.664700 , 84.689400 , 2.809500 , 0.110000 , 7.081100 , 18.291000 , -0.010000 , 999.985300 , 0.240000 , 0.007400 , 12.199000 , 0.000000
