analysis/ctd/Lk Eleanor Oct2013_2_down.txt
* Sea-Bird SBE25 Data File:
* FileName = C:\Documents and Settings\Field User\Desktop\Lk Eleanor Oct2013.hex
* Software Version 1.59
* Temperature SN = 2360
* Conductivity SN = 2021
* System UpLoad Time = Nov 04 2013 09:45:48
** Rim Fire sampling at Lake Eleanor October 2013
* ds
# nquan = 18                                
# nvalues = 6414                        
# units = specified
# name 0 = timeS: Time, Elapsed [seconds]
# name 1 = prSM: Pressure, Strain Gauge [db]
# name 2 = t090C: Temperature [ITS-90, deg C]
# name 3 = c0uS/cm: Conductivity [uS/cm]
# name 4 = bat: Beam Attenuation, Chelsea/Seatech [1/m]
# name 5 = xmiss: Beam Transmission, Chelsea/Seatech [%]
# name 6 = wetStar: Fluorescence, WET Labs WETstar [mg/m^3]
# name 7 = seaTurbMtr: Turbidity, Seapoint [FTU]
# name 8 = sbeox0Mg/L: Oxygen, SBE 43 [mg/l]
# name 9 = par: PAR/Irradiance, Biospherical/Licor
# name 10 = ph: pH
# name 11 = depFM: Depth [fresh water, m], lat = 0
# name 12 = accM: Acceleration [m/s^2], WS = 2
# name 13 = density00: Density [density, kg/m^3]
# name 14 = dz/dtM: Descent Rate [m/s], WS = 2
# name 15 = sal00: Salinity, Practical [PSU]
# name 16 = specc: Specific Conductance [uS/cm]
# span 0 =      0.000,    801.625       
# span 1 =     -2.696,     58.271       
# span 2 =     4.3149,    65.6543       
# span 3 =  -0.058555,  20.511908       
# span 4 =    -0.0649,     6.8685       
# span 5 =    17.9626,   101.6379       
# span 6 =    -0.3026,    -0.2868       
# span 7 =      0.328,     21.279       
# span 8 =     1.8283,    10.9082       
# span 9 = 9.9990e+03, 9.9990e+03       
# span 10 =     -1.682,      0.082      
# span 11 =     -2.749,     59.420      
# span 12 =      -0.48,       0.28      
# span 13 =   980.6062,  1000.2731      
# span 14 =     -0.380,      0.404      
# span 15 =     0.0000,     0.0210      
# span 16 =     -0.081,     34.888      
# span 17 = 0.0000e+00, 0.0000e+00      
# interval = seconds: 0.125
# start_time = Oct 30 2013 16:08:29 [Instrument's time stamp, header]
# bad_flag = -9.990e-29
*END*
258.500000 , -1.526000 , 13.682400 , 7.531318 , 2.058600 , 59.770400 , -0.293700 , 19.385000 , 5.134200 , 9999.000000 , -1.252000 , 1.099000 , -0.020000 , 999.289900 , 0.108000 , 0.009800 , 9.734000
260.562500 , -1.339500 , 13.676250 , 7.532561 , 2.059650 , 59.756250 , -0.294150 , 19.382000 , 5.240800 , 9999.000000 , -1.250000 , 1.289500 , 0.010000 , 999.291650 , 0.083500 , 0.009800 , 9.737000
262.687500 , -1.132000 , 13.671400 , 7.551502 , 2.078000 , 59.482050 , -0.292150 , 19.370500 , 5.303550 , 9999.000000 , -1.247500 , 1.501000 , 0.000000 , 999.293300 , 0.100000 , 0.009800 , 9.763500
264.437500 , -0.950500 , 13.668100 , 7.532381 , 2.101700 , 59.130400 , -0.293300 , 19.338500 , 5.319900 , 9999.000000 , -1.245500 , 1.685500 , 0.025000 , 999.294550 , 0.129500 , 0.009800 , 9.739000
265.875000 , -0.748000 , 13.665100 , 7.579582 , 2.109700 , 59.011300 , -0.293600 , 19.362000 , 5.339200 , 9999.000000 , -1.245000 , 1.892000 , 0.010000 , 999.296000 , 0.151000 , 0.009800 , 9.801000
267.125000 , -0.550000 , 13.665000 , 7.533411 , 2.122200 , 58.827900 , -0.291000 , 19.351000 , 5.309100 , 9999.000000 , -1.242000 , 2.094000 , 0.010000 , 999.296900 , 0.165000 , 0.009800 , 9.741000
268.312500 , -0.344500 , 13.662500 , 7.565366 , 2.126000 , 58.773000 , -0.294300 , 19.369500 , 5.243300 , 9999.000000 , -1.243000 , 2.303500 , -0.045000 , 999.298250 , 0.154500 , 0.009800 , 9.783000
271.000000 , -0.139000 , 13.665500 , 7.527194 , 2.125200 , 58.784100 , -0.293200 , 19.383000 , 5.244800 , 9999.000000 , -1.240000 , 2.513000 , -0.020000 , 999.298700 , 0.048000 , 0.009800 , 9.733000
273.625000 , 0.030000 , 13.639700 , 7.569297 , 2.136400 , 58.619300 , -0.293400 , 19.396000 , 5.535700 , 9999.000000 , -1.236000 , 2.686000 , 0.060000 , 999.303000 , 0.159000 , 0.009800 , 9.794000
274.750000 , 0.233000 , 13.639600 , 7.528500 , 2.147700 , 58.454100 , -0.293400 , 19.382000 , 5.627500 , 9999.000000 , -1.234000 , 2.893000 , 0.000000 , 999.304000 , 0.179000 , 0.009800 , 9.741000
275.937500 , 0.441500 , 13.636600 , 7.556263 , 2.157150 , 58.315950 , -0.294700 , 19.293000 , 5.646150 , 9999.000000 , -1.233000 , 3.105500 , -0.010000 , 999.305350 , 0.170000 , 0.009800 , 9.778000
277.062500 , 0.631500 , 13.630050 , 7.535034 , 2.167600 , 58.164750 , -0.294150 , 19.391500 , 5.615900 , 9999.000000 , -1.232500 , 3.299000 , 0.020000 , 999.307100 , 0.180500 , 0.009800 , 9.752000
278.062500 , 0.821500 , 13.616650 , 7.582771 , 2.170700 , 58.119200 , -0.294150 , 19.381000 , 5.595200 , 9999.000000 , -1.232000 , 3.492500 , -0.005000 , 999.309800 , 0.189000 , 0.009800 , 9.816500
279.187500 , 1.027000 , 13.592800 , 7.597620 , 2.173050 , 58.084850 , -0.295200 , 19.355000 , 5.565300 , 9999.000000 , -1.232000 , 3.702000 , -0.040000 , 999.314000 , 0.167500 , 0.009800 , 9.842500
280.625000 , 1.224000 , 13.552900 , 7.557524 , 2.173000 , 58.086200 , -0.294900 , 19.367000 , 5.544500 , 9999.000000 , -1.231000 , 3.903000 , -0.020000 , 999.320200 , 0.116000 , 0.009800 , 9.796000
282.812500 , 1.438500 , 13.529400 , 7.531875 , 2.178100 , 58.010800 , -0.294000 , 19.356500 , 5.488800 , 9999.000000 , -1.229000 , 4.121500 , -0.020000 , 999.324400 , 0.077000 , 0.009700 , 9.772500
284.750000 , 1.603000 , 13.519300 , 7.480038 , 2.182300 , 57.950900 , -0.293400 , 19.371000 , 5.573900 , 9999.000000 , -1.227000 , 4.290000 , 0.060000 , 999.326400 , 0.154000 , 0.009700 , 9.709000
285.875000 , 1.799000 , 13.514100 , 7.542278 , 2.185600 , 57.902700 , -0.292300 , 19.348000 , 5.647000 , 9999.000000 , -1.226000 , 4.489000 , 0.010000 , 999.328100 , 0.187000 , 0.009700 , 9.792000
286.937500 , 2.009500 , 13.500850 , 7.533590 , 2.188150 , 57.865250 , -0.294300 , 19.332000 , 5.707700 , 9999.000000 , -1.224000 , 4.704000 , -0.025000 , 999.330850 , 0.180500 , 0.009700 , 9.785000
288.000000 , 2.179000 , 13.420600 , 7.542850 , 2.188700 , 57.858700 , -0.295200 , 19.313000 , 5.785700 , 9999.000000 , -1.225000 , 4.877000 , 0.040000 , 999.342200 , 0.188000 , 0.009700 , 9.821000
289.000000 , 2.409000 , 13.364100 , 7.527468 , 2.195600 , 57.757500 , -0.295000 , 19.270000 , 5.862800 , 9999.000000 , -1.225000 , 5.111000 , -0.010000 , 999.350700 , 0.217000 , 0.009700 , 9.809000
289.937500 , 2.596500 , 13.360150 , 7.544601 , 2.197650 , 57.728300 , -0.292800 , 19.267500 , 5.934900 , 9999.000000 , -1.224000 , 5.302500 , 0.010000 , 999.352150 , 0.205500 , 0.009700 , 9.833000
290.875000 , 2.797000 , 13.351000 , 7.545100 , 2.204900 , 57.624400 , -0.294400 , 19.277000 , 6.028300 , 9999.000000 , -1.225000 , 5.507000 , 0.030000 , 999.354300 , 0.220000 , 0.009700 , 9.836000
291.687500 , 2.975000 , 13.339350 , 7.540606 , 2.208950 , 57.566100 , -0.291700 , 19.274500 , 6.058600 , 9999.000000 , -1.224500 , 5.688500 , 0.075000 , 999.356650 , 0.267500 , 0.009700 , 9.834000
292.375000 , 3.190000 , 13.317900 , 7.491159 , 2.214700 , 57.484100 , -0.294200 , 19.195000 , 6.037100 , 9999.000000 , -1.222000 , 5.908000 , 0.050000 , 999.360400 , 0.317000 , 0.009600 , 9.781000
293.000000 , 3.400000 , 13.291800 , 7.483178 , 2.216900 , 57.451400 , -0.293100 , 19.266000 , 6.010300 , 9999.000000 , -1.223000 , 6.122000 , -0.020000 , 999.364900 , 0.319000 , 0.009600 , 9.770000
293.625000 , 3.587000 , 13.289200 , 7.435967 , 2.218900 , 57.422100 , -0.291300 , 19.237000 , 5.989300 , 9999.000000 , -1.223000 , 6.313000 , -0.030000 , 999.366000 , 0.303000 , 0.009600 , 9.709000
294.250000 , 3.778000 , 13.282400 , 7.468620 , 2.220100 , 57.405000 , -0.293000 , 19.232000 , 5.973500 , 9999.000000 , -1.223000 , 6.507000 , -0.020000 , 999.367800 , 0.289000 , 0.009600 , 9.753000
294.937500 , 3.967500 , 13.273950 , 7.509012 , 2.222850 , 57.365600 , -0.291050 , 19.231000 , 5.958000 , 9999.000000 , -1.222000 , 6.701000 , -0.025000 , 999.369800 , 0.271500 , 0.009600 , 9.809000
295.687500 , 4.165000 , 13.260650 , 7.493433 , 2.224050 , 57.349150 , -0.293050 , 19.272000 , 5.966600 , 9999.000000 , -1.220500 , 6.902000 , -0.030000 , 999.372500 , 0.256000 , 0.009600 , 9.791500
296.500000 , 4.366000 , 13.248100 , 7.442292 , 2.226300 , 57.317000 , -0.292600 , 19.251000 , 5.972100 , 9999.000000 , -1.219000 , 7.107000 , -0.020000 , 999.375000 , 0.229000 , 0.009600 , 9.727000
297.375000 , 4.553000 , 13.231100 , 7.509835 , 2.227200 , 57.303700 , -0.297300 , 19.260000 , 5.976500 , 9999.000000 , -1.220000 , 7.298000 , 0.020000 , 999.378100 , 0.234000 , 0.009600 , 9.821000
298.187500 , 4.756000 , 13.223400 , 7.449864 , 2.229650 , 57.268350 , -0.291650 , 19.272000 , 5.989800 , 9999.000000 , -1.219500 , 7.504500 , 0.005000 , 999.380050 , 0.249000 , 0.009600 , 9.744000
298.937500 , 4.946000 , 13.217900 , 7.449262 , 2.229750 , 57.267600 , -0.292550 , 19.267500 , 5.988100 , 9999.000000 , -1.218000 , 7.698500 , 0.020000 , 999.381650 , 0.257500 , 0.009600 , 9.745000
299.687500 , 5.143500 , 13.212300 , 7.479750 , 2.232000 , 57.235800 , -0.295050 , 19.321500 , 5.972400 , 9999.000000 , -1.215500 , 7.900000 , 0.010000 , 999.383350 , 0.269000 , 0.009600 , 9.786000
300.437500 , 5.347000 , 13.207950 , 7.502693 , 2.234500 , 57.199550 , -0.295450 , 19.303500 , 5.965300 , 9999.000000 , -1.215000 , 8.107500 , -0.020000 , 999.384850 , 0.269500 , 0.009600 , 9.817500
301.187500 , 5.546500 , 13.202750 , 7.451394 , 2.234200 , 57.204350 , -0.293250 , 19.277000 , 5.959600 , 9999.000000 , -1.212000 , 8.311000 , -0.020000 , 999.386450 , 0.254500 , 0.009600 , 9.751500
301.937500 , 5.729500 , 13.196500 , 7.491727 , 2.235050 , 57.191850 , -0.291850 , 19.259000 , 5.977300 , 9999.000000 , -1.213000 , 8.497500 , -0.015000 , 999.388150 , 0.238500 , 0.009600 , 9.806500
302.750000 , 5.917000 , 13.191500 , 7.467975 , 2.236800 , 57.167200 , -0.291800 , 19.324000 , 5.995600 , 9999.000000 , -1.212000 , 8.689000 , 0.010000 , 999.389600 , 0.235000 , 0.009600 , 9.776000
303.562500 , 6.112500 , 13.185050 , 7.488943 , 2.236600 , 57.169500 , -0.292800 , 19.326000 , 5.998750 , 9999.000000 , -1.210500 , 8.888000 , 0.020000 , 999.391450 , 0.255500 , 0.009600 , 9.805500
304.312500 , 6.316000 , 13.179450 , 7.489649 , 2.238250 , 57.146200 , -0.295350 , 19.225500 , 5.962150 , 9999.000000 , -1.210000 , 9.095500 , -0.015000 , 999.393100 , 0.256500 , 0.009600 , 9.807500
305.125000 , 6.515000 , 13.175500 , 7.422774 , 2.239500 , 57.129000 , -0.294500 , 19.339000 , 5.912200 , 9999.000000 , -1.211000 , 9.298000 , -0.030000 , 999.394500 , 0.233000 , 0.009500 , 9.721000
306.062500 , 6.718000 , 13.174150 , 7.478929 , 2.239050 , 57.134450 , -0.295450 , 19.345500 , 5.844350 , 9999.000000 , -1.210000 , 9.505500 , -0.020000 , 999.395650 , 0.206000 , 0.009600 , 9.795000
307.000000 , 6.906000 , 13.173800 , 7.437278 , 2.239700 , 57.124800 , -0.291800 , 19.381000 , 5.807400 , 9999.000000 , -1.206000 , 9.697000 , 0.010000 , 999.396600 , 0.208000 , 0.009600 , 9.741000
307.937500 , 7.107000 , 13.173200 , 7.443458 , 2.240700 , 57.110150 , -0.292600 , 19.389500 , 5.842300 , 9999.000000 , -1.205000 , 9.902000 , 0.020000 , 999.397600 , 0.222000 , 0.009600 , 9.749000
308.812500 , 7.310000 , 13.172900 , 7.478927 , 2.242300 , 57.088150 , -0.294400 , 19.371000 , 5.917300 , 9999.000000 , -1.201500 , 10.109000 , 0.010000 , 999.398600 , 0.231500 , 0.009600 , 9.795500
309.625000 , 7.493000 , 13.172700 , 7.466986 , 2.242400 , 57.087500 , -0.296200 , 19.370000 , 5.995300 , 9999.000000 , -1.204000 , 10.296000 , 0.020000 , 999.399500 , 0.243000 , 0.009600 , 9.780000
310.437500 , 7.705000 , 13.172550 , 7.435179 , 2.243500 , 57.071000 , -0.293600 , 19.376500 , 6.055500 , 9999.000000 , -1.205000 , 10.512000 , 0.015000 , 999.400500 , 0.255000 , 0.009600 , 9.738000
311.187500 , 7.891500 , 13.170600 , 7.439013 , 2.243800 , 57.066300 , -0.292150 , 19.369500 , 6.084500 , 9999.000000 , -1.204500 , 10.702000 , 0.020000 , 999.401650 , 0.268500 , 0.009600 , 9.743500
311.875000 , 8.090000 , 13.146600 , 7.457359 , 2.244200 , 57.060300 , -0.290300 , 19.387000 , 6.091200 , 9999.000000 , -1.203000 , 10.905000 , 0.010000 , 999.405600 , 0.283000 , 0.009600 , 9.774000
312.562500 , 8.283500 , 13.087300 , 7.498987 , 2.245700 , 57.039400 , -0.294400 , 19.446000 , 6.093700 , 9999.000000 , -1.202000 , 11.102000 , -0.035000 , 999.414150 , 0.274500 , 0.009550 , 9.841500
313.312500 , 8.484000 , 12.968500 , 7.502284 , 2.247150 , 57.018000 , -0.293900 , 19.442500 , 6.086050 , 9999.000000 , -1.205000 , 11.306500 , -0.035000 , 999.430200 , 0.246500 , 0.009500 , 9.885000
314.125000 , 8.667000 , 12.818700 , 7.445826 , 2.248200 , 57.003400 , -0.293600 , 19.363000 , 6.102000 , 9999.000000 , -1.211000 , 11.493000 , -0.020000 , 999.449800 , 0.231000 , 0.009400 , 9.842000
315.125000 , 8.892000 , 12.664700 , 7.402631 , 2.251200 , 56.961700 , -0.291900 , 19.312000 , 6.159600 , 9999.000000 , -1.211000 , 11.722000 , -0.040000 , 999.469900 , 0.189000 , 0.009300 , 9.826000
316.125000 , 9.059000 , 12.431800 , 7.390876 , 2.254900 , 56.908800 , -0.292700 , 19.204000 , 6.261800 , 9999.000000 , -1.216000 , 11.893000 , 0.090000 , 999.498900 , 0.220000 , 0.009300 , 9.848000
316.875000 , 9.259000 , 12.255200 , 7.280972 , 2.257700 , 56.868100 , -0.295000 , 19.161000 , 6.343300 , 9999.000000 , -1.223000 , 12.097000 , 0.070000 , 999.520700 , 0.283000 , 0.009100 , 9.775000
317.500000 , 9.448000 , 12.137900 , 7.318223 , 2.259200 , 56.847000 , -0.295100 , 19.095000 , 6.389500 , 9999.000000 , -1.223000 , 12.289000 , 0.020000 , 999.535300 , 0.305000 , 0.009100 , 9.852000
318.125000 , 9.644000 , 12.069100 , 7.233034 , 2.260400 , 56.829900 , -0.296300 , 19.123000 , 6.421400 , 9999.000000 , -1.226000 , 12.489000 , -0.010000 , 999.544100 , 0.306000 , 0.009000 , 9.760000
318.812500 , 9.849000 , 11.750850 , 7.130555 , 2.262400 , 56.802100 , -0.292150 , 19.083500 , 6.464300 , 9999.000000 , -1.234500 , 12.698500 , -0.020000 , 999.580950 , 0.286500 , 0.008900 , 9.686000
319.562500 , 10.052000 , 11.463350 , 7.004452 , 2.266400 , 56.745300 , -0.293250 , 18.798500 , 6.492750 , 9999.000000 , -1.237500 , 12.905500 , -0.020000 , 999.613250 , 0.275000 , 0.008700 , 9.614500
320.312500 , 10.263000 , 10.871500 , 6.958014 , 2.270550 , 56.686050 , -0.292800 , 18.586000 , 6.513800 , 9999.000000 , -1.254500 , 13.120500 , -0.030000 , 999.675500 , 0.255000 , 0.008400 , 9.681000
321.125000 , 10.451000 , 10.504400 , 6.768320 , 2.274100 , 56.635500 , -0.295200 , 18.551000 , 6.611700 , 9999.000000 , -1.265000 , 13.312000 , -0.010000 , 999.712000 , 0.230000 , 0.008200 , 9.582000
321.937500 , 10.634500 , 10.139600 , 6.696019 , 2.278450 , 56.573900 , -0.293700 , 18.525500 , 6.671000 , 9999.000000 , -1.273500 , 13.499000 , -0.005000 , 999.746550 , 0.229500 , 0.008000 , 9.527000
322.812500 , 10.835500 , 9.823500 , 6.571409 , 2.283600 , 56.501700 , -0.295050 , 18.550500 , 6.648850 , 9999.000000 , -1.284000 , 13.704000 , -0.010000 , 999.775200 , 0.224500 , 0.007800 , 9.434500
323.687500 , 11.029000 , 9.559800 , 6.557650 , 2.287800 , 56.442600 , -0.293600 , 18.640500 , 6.657850 , 9999.000000 , -1.288000 , 13.901500 , 0.030000 , 999.798250 , 0.235500 , 0.007700 , 9.486500
324.437500 , 11.215000 , 9.176750 , 6.520338 , 2.289650 , 56.415000 , -0.293150 , 18.748000 , 6.691450 , 9999.000000 , -1.299000 , 14.091000 , 0.020000 , 999.829600 , 0.257000 , 0.007500 , 9.538500
325.187500 , 11.416000 , 8.711850 , 6.377205 , 2.293850 , 56.356650 , -0.293350 , 18.808000 , 6.694700 , 9999.000000 , -1.313000 , 14.296000 , -0.015000 , 999.864750 , 0.259000 , 0.007200 , 9.461500
326.000000 , 11.620000 , 8.372100 , 6.393157 , 2.296000 , 56.327800 , -0.296700 , 19.064000 , 6.693500 , 9999.000000 , -1.322000 , 14.504000 , -0.030000 , 999.888900 , 0.238000 , 0.007100 , 9.588000
326.875000 , 11.817000 , 8.300400 , 6.315346 , 2.300700 , 56.261200 , -0.289900 , 19.183000 , 6.701200 , 9999.000000 , -1.324000 , 14.705000 , -0.020000 , 999.894500 , 0.215000 , 0.007000 , 9.482000
327.750000 , 11.992000 , 8.060400 , 6.249190 , 2.305500 , 56.191700 , -0.290900 , 19.188000 , 6.699000 , 9999.000000 , -1.328000 , 14.883000 , 0.040000 , 999.910600 , 0.228000 , 0.006900 , 9.423000
328.562500 , 12.205000 , 7.877050 , 6.099652 , 2.309150 , 56.142850 , -0.291950 , 19.260500 , 6.697350 , 9999.000000 , -1.331000 , 15.100500 , 0.015000 , 999.922500 , 0.253500 , 0.006700 , 9.276000
329.375000 , 12.402000 , 7.781500 , 6.176224 , 2.312400 , 56.095400 , -0.294100 , 19.332000 , 6.720700 , 9999.000000 , -1.336000 , 15.302000 , -0.000000 , 999.929000 , 0.252000 , 0.006700 , 9.420000
330.125000 , 12.595000 , 7.724900 , 6.069662 , 2.316500 , 56.038100 , -0.297300 , 19.401000 , 6.769800 , 9999.000000 , -1.332000 , 15.498000 , 0.020000 , 999.933100 , 0.265000 , 0.006600 , 9.273000
330.812500 , 12.782500 , 7.641750 , 6.076745 , 2.318550 , 56.010500 , -0.293950 , 19.397000 , 6.761800 , 9999.000000 , -1.338500 , 15.689500 , 0.005000 , 999.938650 , 0.271000 , 0.006600 , 9.311000
331.562500 , 12.986500 , 7.612750 , 6.051860 , 2.321400 , 55.969550 , -0.293700 , 19.516500 , 6.733850 , 9999.000000 , -1.338000 , 15.897500 , -0.005000 , 999.941250 , 0.268500 , 0.006500 , 9.279000
332.312500 , 13.184500 , 7.518100 , 6.003576 , 2.324100 , 55.932250 , -0.291650 , 19.552500 , 6.737300 , 9999.000000 , -1.337500 , 16.099500 , -0.020000 , 999.947350 , 0.262000 , 0.006500 , 9.232000
333.062500 , 13.380000 , 7.457800 , 6.039016 , 2.325550 , 55.912100 , -0.293700 , 19.562500 , 6.728650 , 9999.000000 , -1.338000 , 16.299000 , -0.035000 , 999.951500 , 0.239000 , 0.006500 , 9.297000
333.875000 , 13.555000 , 7.337200 , 6.054908 , 2.329400 , 55.858700 , -0.294200 , 19.545000 , 6.704600 , 9999.000000 , -1.342000 , 16.477000 , 0.000000 , 999.958700 , 0.228000 , 0.006400 , 9.366000
334.750000 , 13.767000 , 7.219600 , 6.026671 , 2.332500 , 55.815200 , -0.291100 , 19.630000 , 6.729000 , 9999.000000 , -1.344000 , 16.693000 , 0.030000 , 999.965600 , 0.243000 , 0.006400 , 9.346000
335.562500 , 13.966000 , 7.191800 , 5.997865 , 2.336250 , 55.763050 , -0.291350 , 19.680500 , 6.788550 , 9999.000000 , -1.343000 , 16.896500 , 0.020000 , 999.967900 , 0.259500 , 0.006300 , 9.314500
