analysis/ctd/Lk Eleanor Oct2013_2_down.txt
* Sea-Bird SBE25 Data File:
* FileName = C:\Documents and Settings\Field User\Desktop\Lk Eleanor Oct2013.hex
* Software Version 1.59
* Temperature SN = 2360
* Conductivity SN = 2021
* System UpLoad Time = Nov 04 2013 09:45:48
** Rim Fire sampling at Lake Eleanor October 2013
* ds
# nquan = 18                                
# nvalues = 6414                        
# units = specified
# name 0 = timeS: Time, Elapsed [seconds]
# name 1 = prSM: Pressure, Strain Gauge [db]
# name 2 = t090C: Temperature [ITS-90, deg C]
# name 3 = c0uS/cm: Conductivity [uS/cm]
# name 4 = bat: Beam Attenuation, Chelsea/Seatech [1/m]
# name 5 = xmiss: Beam Transmission, Chelsea/Seatech [%]
# name 6 = wetStar: Fluorescence, WET Labs WETstar [mg/m^3]
# name 7 = seaTurbMtr: Turbidity, Seapoint [FTU]
# name 8 = sbeox0Mg/L: Oxygen, SBE 43 [mg/l]
# name 9 = par: PAR/Irradiance, Biospherical/Licor
# name 10 = ph: pH
# name 11 = depFM: Depth [fresh water, m], lat = 0
# name 12 = accM: Acceleration [m/s^2], WS = 2
# name 13 = density00: Density [density, kg/m^3]
# name 14 = dz/dtM: Descent Rate [m/s], WS = 2
# name 15 = sal00: Salinity, Practical [PSU]
# name 16 = specc: Specific Conductance [uS/cm]
# span 0 =      0.000,    801.625       
# span 1 =     -2.696,     58.271       
# span 2 =     4.3149,    65.6543       
# span 3 =  -0.058555,  20.511908       
# span 4 =    -0.0649,     6.8685       
# span 5 =    17.9626,   101.6379       
# span 6 =    -0.3026,    -0.2868       
# span 7 =      0.328,     21.279       
# span 8 =     1.8283,    10.9082       
# span 9 = 9.9990e+03, 9.9990e+03       
# span 10 =     -1.682,      0.082      
# span 11 =     -2.749,     59.420      
# span 12 =      -0.48,       0.28      
# span 13 =   980.6062,  1000.2731      
# span 14 =     -0.380,      0.404      
# span 15 =     0.0000,     0.0210      
# span 16 =     -0.081,     34.888      
# span 17 = 0.0000e+00, 0.0000e+00      
# interval = seconds: 0.125
# start_time = Oct 30 2013 16:08:29 [Instrument's time stamp, header]
# bad_flag = -9.990e-29
*END*
[from data line 242]
470.062500 , 45.918000 , 4.336600 , 5.721669 , 2.547150 , 52.899150 , -0.293500 , 20.114000 , 4.856300 , 9999.000000 , -1.314000 , 49.478500 , -0.005000 , 1000.204400 , 0.273000 , 0.004700 , 9.751500
470.812500 , 46.135000 , 4.334650 , 5.656667 , 2.547700 , 52.892200 , -0.292650 , 20.087000 , 4.841800 , 9999.000000 , -1.313500 , 49.699500 , 0.015000 , 1000.205400 , 0.281000 , 0.004700 , 9.641500
471.500000 , 46.324000 , 4.333900 , 5.694205 , 2.549600 , 52.867000 , -0.293100 , 19.957000 , 4.833900 , 9999.000000 , -1.314000 , 49.892000 , -0.020000 , 1000.206400 , 0.275000 , 0.004700 , 9.706000
472.250000 , 46.529000 , 4.332700 , 5.732154 , 2.550300 , 52.857300 , -0.294700 , 19.848000 , 4.806700 , 9999.000000 , -1.311000 , 50.101000 , -0.020000 , 1000.207400 , 0.257000 , 0.004700 , 9.771000
473.062500 , 46.726000 , 4.332650 , 5.754971 , 2.551550 , 52.841300 , -0.292550 , 19.724500 , 4.793650 , 9999.000000 , -1.311000 , 50.302500 , 0.000000 , 1000.208450 , 0.251500 , 0.004750 , 9.809500
473.812500 , 46.924000 , 4.332900 , 5.662614 , 2.552200 , 52.831900 , -0.294550 , 19.595500 , 4.784900 , 9999.000000 , -1.311000 , 50.504000 , 0.000000 , 1000.209300 , 0.254500 , 0.004700 , 9.652000
474.562500 , 47.107000 , 4.333300 , 5.740479 , 2.553900 , 52.809750 , -0.295350 , 19.539500 , 4.774150 , 9999.000000 , -1.311000 , 50.690500 , 0.015000 , 1000.210300 , 0.260000 , 0.004750 , 9.784500
475.312500 , 47.310500 , 4.333100 , 5.694966 , 2.555050 , 52.795300 , -0.290900 , 19.474500 , 4.776450 , 9999.000000 , -1.310000 , 50.898000 , 0.020000 , 1000.211250 , 0.279000 , 0.004700 , 9.707000
476.000000 , 47.508000 , 4.332900 , 5.763493 , 2.556300 , 52.778400 , -0.292600 , 19.427000 , 4.771900 , 9999.000000 , -1.310000 , 51.100000 , -0.010000 , 1000.212300 , 0.282000 , 0.004800 , 9.824000
476.687500 , 47.700500 , 4.332250 , 5.895807 , 2.557550 , 52.762350 , -0.293350 , 19.343000 , 4.765400 , 9999.000000 , -1.311000 , 51.296000 , -0.020000 , 1000.213300 , 0.270000 , 0.004850 , 10.049500
477.437500 , 47.893500 , 4.330700 , 5.832368 , 2.558200 , 52.754100 , -0.293950 , 19.262500 , 4.727900 , 9999.000000 , -1.310000 , 51.493000 , -0.010000 , 1000.214200 , 0.260500 , 0.004800 , 9.942000
478.187500 , 48.089500 , 4.328350 , 5.921715 , 2.560000 , 52.730050 , -0.292500 , 19.230500 , 4.716450 , 9999.000000 , -1.312000 , 51.692500 , 0.000000 , 1000.215250 , 0.257000 , 0.004900 , 10.095000
478.937500 , 48.280500 , 4.323500 , 5.870494 , 2.561850 , 52.705150 , -0.292200 , 19.317500 , 4.720100 , 9999.000000 , -1.312000 , 51.887500 , 0.010000 , 1000.216200 , 0.259000 , 0.004800 , 10.009000
479.687500 , 48.480000 , 4.319000 , 5.841300 , 2.563650 , 52.681600 , -0.293500 , 19.490000 , 4.693700 , 9999.000000 , -1.309500 , 52.091000 , 0.000000 , 1000.217200 , 0.261500 , 0.004800 , 9.961500
480.437500 , 48.674500 , 4.316050 , 5.836044 , 2.565750 , 52.653800 , -0.292300 , 19.475500 , 4.682200 , 9999.000000 , -1.309000 , 52.289000 , 0.005000 , 1000.218150 , 0.261500 , 0.004800 , 9.953500
481.187500 , 48.870500 , 4.315050 , 5.777040 , 2.566450 , 52.644550 , -0.292900 , 19.387500 , 4.669400 , 9999.000000 , -1.309500 , 52.489000 , 0.025000 , 1000.219100 , 0.277000 , 0.004800 , 9.853000
481.875000 , 49.070000 , 4.315100 , 5.867736 , 2.566700 , 52.641200 , -0.292800 , 19.159000 , 4.650600 , 9999.000000 , -1.309000 , 52.692000 , 0.010000 , 1000.220100 , 0.290000 , 0.004800 , 10.008000
482.562500 , 49.272500 , 4.315900 , 5.887403 , 2.569300 , 52.606650 , -0.296250 , 18.952500 , 4.639800 , 9999.000000 , -1.306500 , 52.899000 , -0.025000 , 1000.221150 , 0.280500 , 0.004800 , 10.041000
483.312500 , 49.472500 , 4.316900 , 5.897651 , 2.570150 , 52.596050 , -0.293800 , 18.763500 , 4.629400 , 9999.000000 , -1.306000 , 53.103000 , -0.035000 , 1000.222100 , 0.255000 , 0.004850 , 10.058000
484.125000 , 49.668000 , 4.317700 , 5.952378 , 2.572000 , 52.571300 , -0.293400 , 18.666000 , 4.632700 , 9999.000000 , -1.307000 , 53.302000 , -0.000000 , 1000.223100 , 0.242000 , 0.004900 , 10.151000
484.937500 , 49.865500 , 4.318350 , 5.949577 , 2.572950 , 52.559200 , -0.291650 , 18.590500 , 4.628600 , 9999.000000 , -1.307500 , 53.503500 , 0.035000 , 1000.224100 , 0.260500 , 0.004900 , 10.146000
485.625000 , 50.054000 , 4.319400 , 5.956651 , 2.574000 , 52.545000 , -0.292800 , 18.336000 , 4.601800 , 9999.000000 , -1.305000 , 53.696000 , -0.000000 , 1000.225000 , 0.275000 , 0.004900 , 10.158000
486.312500 , 50.252500 , 4.320350 , 5.986742 , 2.574300 , 52.541200 , -0.294100 , 18.017000 , 4.576050 , 9999.000000 , -1.304000 , 53.898000 , -0.020000 , 1000.226000 , 0.265000 , 0.004900 , 10.209000
487.062500 , 50.434000 , 4.322200 , 6.018221 , 2.575150 , 52.529700 , -0.294900 , 17.779000 , 4.567000 , 9999.000000 , -1.303000 , 54.083500 , 0.005000 , 1000.226950 , 0.259000 , 0.004900 , 10.262000
487.812500 , 50.637500 , 4.323350 , 5.992144 , 2.576300 , 52.514650 , -0.292600 , 17.496000 , 4.532300 , 9999.000000 , -1.303000 , 54.291000 , 0.010000 , 1000.227900 , 0.270500 , 0.004900 , 10.217000
488.562500 , 50.840000 , 4.324200 , 5.973048 , 2.577800 , 52.494850 , -0.291150 , 17.264500 , 4.493200 , 9999.000000 , -1.305000 , 54.497500 , -0.025000 , 1000.228800 , 0.265500 , 0.004900 , 10.184500
489.375000 , 51.051000 , 4.325000 , 6.066921 , 2.579900 , 52.467000 , -0.295400 , 16.959000 , 4.492400 , 9999.000000 , -1.303000 , 54.713000 , -0.020000 , 1000.229900 , 0.241000 , 0.005000 , 10.344000
490.187500 , 51.234000 , 4.325600 , 6.040126 , 2.581800 , 52.442200 , -0.296600 , 16.807500 , 4.486750 , 9999.000000 , -1.302500 , 54.899000 , 0.030000 , 1000.230850 , 0.253500 , 0.004950 , 10.298000
490.937500 , 51.447500 , 4.325700 , 6.167636 , 2.584050 , 52.411950 , -0.293250 , 16.619500 , 4.455550 , 9999.000000 , -1.302500 , 55.117000 , -0.005000 , 1000.231950 , 0.261500 , 0.005000 , 10.515500
491.687500 , 51.628000 , 4.325900 , 6.091408 , 2.585900 , 52.388550 , -0.291950 , 16.478500 , 4.423000 , 9999.000000 , -1.301500 , 55.301000 , 0.005000 , 1000.232800 , 0.256000 , 0.005000 , 10.385500
492.437500 , 51.827000 , 4.326400 , 6.246410 , 2.588450 , 52.356050 , -0.293450 , 16.295000 , 4.401800 , 9999.000000 , -1.300000 , 55.503500 , 0.030000 , 1000.233900 , 0.277000 , 0.005100 , 10.649000
493.125000 , 52.027000 , 4.326700 , 6.159498 , 2.589400 , 52.343100 , -0.293300 , 16.137000 , 4.375100 , 9999.000000 , -1.302000 , 55.708000 , -0.000000 , 1000.234800 , 0.286000 , 0.005000 , 10.501000
493.812500 , 52.221000 , 4.326800 , 6.164219 , 2.591000 , 52.322150 , -0.295400 , 15.968000 , 4.353100 , 9999.000000 , -1.299500 , 55.905500 , -0.005000 , 1000.235800 , 0.284500 , 0.005000 , 10.509000
494.500000 , 52.417000 , 4.327300 , 6.266162 , 2.592800 , 52.298800 , -0.296100 , 15.905000 , 4.326100 , 9999.000000 , -1.302000 , 56.105000 , -0.020000 , 1000.236800 , 0.273000 , 0.005100 , 10.683000
495.250000 , 52.613000 , 4.327400 , 6.276263 , 2.592700 , 52.300100 , -0.290800 , 15.775000 , 4.292400 , 9999.000000 , -1.299000 , 56.305000 , -0.010000 , 1000.237700 , 0.257000 , 0.005100 , 10.700000
496.000000 , 52.800000 , 4.328100 , 6.302966 , 2.594200 , 52.280400 , -0.292000 , 15.725000 , 4.242000 , 9999.000000 , -1.299000 , 56.496000 , 0.020000 , 1000.238700 , 0.264000 , 0.005100 , 10.745000
496.687500 , 52.993000 , 4.328300 , 6.355027 , 2.596200 , 52.253750 , -0.291000 , 15.614000 , 4.208500 , 9999.000000 , -1.298500 , 56.692500 , -0.005000 , 1000.239700 , 0.268500 , 0.005200 , 10.833500
497.437500 , 53.188000 , 4.329350 , 6.330152 , 2.597600 , 52.235800 , -0.292700 , 15.414500 , 4.180850 , 9999.000000 , -1.301000 , 56.891500 , -0.005000 , 1000.240600 , 0.257500 , 0.005100 , 10.791000
498.187500 , 53.375500 , 4.330100 , 6.317061 , 2.599550 , 52.209850 , -0.295550 , 15.017500 , 4.128300 , 9999.000000 , -1.298000 , 57.083000 , 0.045000 , 1000.241500 , 0.272000 , 0.005100 , 10.768500
498.875000 , 53.574000 , 4.331800 , 6.408923 , 2.602500 , 52.171900 , -0.294200 , 14.621000 , 4.086300 , 9999.000000 , -1.298000 , 57.285000 , 0.020000 , 1000.242500 , 0.299000 , 0.005200 , 10.925000
499.562500 , 53.794000 , 4.332550 , 6.502016 , 2.604700 , 52.144250 , -0.295750 , 13.817500 , 4.050100 , 9999.000000 , -1.296500 , 57.509500 , -0.025000 , 1000.243700 , 0.292000 , 0.005300 , 11.083000
500.312500 , 53.995000 , 4.333400 , 6.506450 , 2.608250 , 52.097700 , -0.292500 , 13.046000 , 4.043600 , 9999.000000 , -1.297500 , 57.714500 , -0.035000 , 1000.244700 , 0.264000 , 0.005300 , 11.090000
501.062500 , 54.187000 , 4.334950 , 6.545051 , 2.609900 , 52.075250 , -0.293900 , 12.435000 , 4.041950 , 9999.000000 , -1.297000 , 57.910500 , 0.020000 , 1000.245600 , 0.263000 , 0.005300 , 11.155500
501.750000 , 54.369000 , 4.336200 , 6.636876 , 2.611400 , 52.056300 , -0.294400 , 11.589000 , 4.023600 , 9999.000000 , -1.297000 , 58.096000 , 0.030000 , 1000.246600 , 0.283000 , 0.005400 , 11.311000
502.375000 , 54.559000 , 4.337600 , 6.640691 , 2.612700 , 52.038300 , -0.295000 , 11.159000 , 3.989000 , 9999.000000 , -1.299000 , 58.290000 , 0.030000 , 1000.247500 , 0.303000 , 0.005400 , 11.317000
503.000000 , 54.747000 , 4.339000 , 6.724243 , 2.614200 , 52.019000 , -0.293700 , 10.828000 , 3.950200 , 9999.000000 , -1.294000 , 58.481000 , 0.030000 , 1000.248400 , 0.323000 , 0.005400 , 11.459000
503.625000 , 54.964000 , 4.339900 , 6.849394 , 2.615500 , 52.002900 , -0.292200 , 10.455000 , 3.918100 , 9999.000000 , -1.294000 , 58.703000 , 0.000000 , 1000.249600 , 0.333000 , 0.005500 , 11.672000
504.250000 , 55.173000 , 4.341700 , 6.868672 , 2.617700 , 51.974300 , -0.293400 , 10.166000 , 3.875700 , 9999.000000 , -1.296000 , 58.916000 , -0.030000 , 1000.250600 , 0.322000 , 0.005500 , 11.704000
504.875000 , 55.362000 , 4.342500 , 6.934968 , 2.618800 , 51.960200 , -0.294500 , 9.954000 , 3.826800 , 9999.000000 , -1.291000 , 59.109000 , -0.020000 , 1000.251600 , 0.308000 , 0.005600 , 11.817000
505.500000 , 55.558000 , 4.343200 , 6.946761 , 2.621000 , 51.930800 , -0.296700 , 9.549000 , 3.756600 , 9999.000000 , -1.295000 , 59.308000 , -0.040000 , 1000.252600 , 0.288000 , 0.005600 , 11.837000
506.187500 , 55.741500 , 4.343550 , 6.997133 , 2.623050 , 51.904450 , -0.297100 , 8.775000 , 3.717050 , 9999.000000 , -1.293000 , 59.495500 , -0.015000 , 1000.253500 , 0.268000 , 0.005600 , 11.922500
506.937500 , 55.938000 , 4.344150 , 7.134754 , 2.626150 , 51.863850 , -0.292950 , 7.331500 , 3.692450 , 9999.000000 , -1.295000 , 59.696000 , 0.020000 , 1000.254500 , 0.278500 , 0.005700 , 12.156500
507.625000 , 56.142000 , 4.344700 , 7.298478 , 2.628400 , 51.834300 , -0.291600 , 7.041000 , 3.630000 , 9999.000000 , -1.293000 , 59.904000 , -0.000000 , 1000.255600 , 0.288000 , 0.005800 , 12.435000
508.312500 , 56.336500 , 4.346500 , 7.411412 , 2.632950 , 51.775500 , -0.295950 , 7.156500 , 3.561700 , 9999.000000 , -1.293000 , 60.102000 , -0.005000 , 1000.256600 , 0.285000 , 0.005900 , 12.626500
509.000000 , 56.531000 , 4.349600 , 7.613680 , 2.642300 , 51.655800 , -0.296700 , 6.581000 , 3.489700 , 9999.000000 , -1.294000 , 60.301000 , -0.000000 , 1000.257700 , 0.286000 , 0.006000 , 12.970000
509.687500 , 56.730500 , 4.351100 , 7.716225 , 2.666600 , 51.341900 , -0.295700 , 6.299500 , 3.427150 , 9999.000000 , -1.294000 , 60.504000 , -0.020000 , 1000.258700 , 0.279500 , 0.006100 , 13.144500
510.437500 , 56.932500 , 4.354050 , 8.024497 , 2.678050 , 51.195400 , -0.295350 , 6.599000 , 3.361300 , 9999.000000 , -1.291500 , 60.710000 , -0.045000 , 1000.259850 , 0.253500 , 0.006300 , 13.668000
511.250000 , 57.125000 , 4.358000 , 10.032428 , 2.679000 , 51.183300 , -0.296800 , 9.893000 , 3.267800 , 9999.000000 , -1.290000 , 60.906000 , -0.040000 , 1000.261900 , 0.213000 , 0.007700 , 17.086000
512.125000 , 57.290000 , 4.361700 , 13.318239 , 2.675100 , 51.233300 , -0.295000 , 12.770000 , 3.184900 , 9999.000000 , -1.290000 , 61.075000 , 0.100000 , 1000.264500 , 0.239000 , 0.010000 , 22.679000
512.875000 , 57.505000 , 4.366100 , 15.663985 , 2.668900 , 51.312400 , -0.293700 , 13.606000 , 3.098100 , 9999.000000 , -1.290000 , 61.294000 , 0.160000 , 1000.266900 , 0.355000 , 0.011700 , 26.669000
513.375000 , 57.712000 , 4.368300 , 17.608032 , 2.667900 , 51.325300 , -0.292500 , 13.865000 , 3.044000 , 9999.000000 , -1.291000 , 61.505000 , 0.030000 , 1000.269100 , 0.402000 , 0.013100 , 29.977000
520.812500 , 57.961000 , 4.392050 , 18.762307 , 2.510100 , 53.391400 , -0.295300 , 0.334000 , 2.502750 , 9999.000000 , -1.289000 , 61.759000 , 0.020000 , 1000.270600 , 0.012000 , 0.014000 , 31.917500
522.125000 , 58.043000 , 4.392000 , 18.810885 , 2.506000 , 53.445800 , -0.294400 , 0.334000 , 2.437300 , 9999.000000 , -1.289000 , 61.842000 , -0.030000 , 1000.271200 , 0.060000 , 0.014000 , 32.000000
