analysis/ctd/Lk Eleanor Oct2013_2_down.txt
* Sea-Bird SBE25 Data File:
* FileName = C:\Documents and Settings\Field User\Desktop\Lk Eleanor Oct2013.hex
* Software Version 1.59
* Temperature SN = 2360
* Conductivity SN = 2021
* System UpLoad Time = Nov 04 2013 09:45:48
** Rim Fire sampling at Lake Eleanor October 2013
* ds
# nquan = 18                                
# nvalues = 6414                        
# units = specified
# name 0 = timeS: Time, Elapsed [seconds]
# name 1 = prSM: Pressure, Strain Gauge [db]
# name 2 = t090C: Temperature [ITS-90, deg C]
# name 3 = c0uS/cm: Conductivity [uS/cm]
# name 4 = bat: Beam Attenuation, Chelsea/Seatech [1/m]
# name 5 = xmiss: Beam Transmission, Chelsea/Seatech [%]
# name 6 = wetStar: Fluorescence, WET Labs WETstar [mg/m^3]
# name 7 = seaTurbMtr: Turbidity, Seapoint [FTU]
# name 8 = sbeox0Mg/L: Oxygen, SBE 43 [mg/l]
# name 9 = par: PAR/Irradiance, Biospherical/Licor
# name 10 = ph: pH
# name 11 = depFM: Depth [fresh water, m], lat = 0
# name 12 = accM: Acceleration [m/s^2], WS = 2
# name 13 = density00: Density [density, kg/m^3]
# name 14 = dz/dtM: Descent Rate [m/s], WS = 2
# name 15 = sal00: Salinity, Practical [PSU]
# name 16 = specc: Specific Conductance [uS/cm]
# span 0 =      0.000,    801.625       
# span 1 =     -2.696,     58.271       
# span 2 =     4.3149,    65.6543       
# span 3 =  -0.058555,  20.511908       
# span 4 =    -0.0649,     6.8685       
# span 5 =    17.9626,   101.6379       
# span 6 =    -0.3026,    -0.2868       
# span 7 =      0.328,     21.279       
# span 8 =     1.8283,    10.9082       
# span 9 = 9.9990e+03, 9.9990e+03       
# span 10 =     -1.682,      0.082      
# span 11 =     -2.749,     59.420      
# span 12 =      -0.48,       0.28      
# span 13 =   980.6062,  1000.2731      
# span 14 =     -0.380,      0.404      
# span 15 =     0.0000,     0.0210      
# span 16 =     -0.081,     34.888      
# span 17 = 0.0000e+00, 0.0000e+00      
# interval = seconds: 0.125
# start_time = Oct 30 2013 16:08:29 [Instrument's time stamp, header]
# bad_flag = -9.990e-29
*END*
[from data line 161]
400.312500 , 30.052500 , 4.669750 , 5.655938 , 2.471150 , 53.914200 , -0.292900 , 20.217000 , 5.457050 , 9999.000000 , -1.350000 , 33.300000 , -0.015000 , 1000.123150 , 0.200500 , 0.004900 , 9.530500
401.250000 , 30.236000 , 4.658100 , 5.737385 , 2.471800 , 53.903900 , -0.292600 , 20.268000 , 5.426000 , 9999.000000 , -1.351000 , 33.487000 , 0.020000 , 1000.124200 , 0.215000 , 0.004900 , 9.672000
402.187500 , 30.448000 , 4.649300 , 5.649202 , 2.472700 , 53.892850 , -0.293650 , 20.212000 , 5.365450 , 9999.000000 , -1.349000 , 33.703500 , -0.040000 , 1000.125300 , 0.201000 , 0.004850 , 9.526500
403.250000 , 30.635000 , 4.635700 , 5.763374 , 2.475500 , 53.854700 , -0.292400 , 20.169000 , 5.323000 , 9999.000000 , -1.347000 , 33.894000 , 0.000000 , 1000.126400 , 0.175000 , 0.004900 , 9.723000
404.250000 , 30.812000 , 4.633400 , 5.716384 , 2.476200 , 53.845800 , -0.293100 , 20.189000 , 5.354700 , 9999.000000 , -1.347000 , 34.074000 , 0.120000 , 1000.127300 , 0.234000 , 0.004900 , 9.645000
405.000000 , 31.022000 , 4.622900 , 5.725219 , 2.475900 , 53.850000 , -0.293100 , 20.165000 , 5.410200 , 9999.000000 , -1.348000 , 34.289000 , 0.090000 , 1000.128500 , 0.325000 , 0.004900 , 9.661000
405.562500 , 31.242000 , 4.607450 , 5.744547 , 2.476800 , 53.837300 , -0.294750 , 20.122000 , 5.446200 , 9999.000000 , -1.347500 , 34.513000 , -0.035000 , 1000.129700 , 0.330500 , 0.004900 , 9.701500
406.187500 , 31.429000 , 4.606900 , 5.688317 , 2.477250 , 53.831050 , -0.291600 , 20.149000 , 5.456300 , 9999.000000 , -1.347500 , 34.703500 , -0.115000 , 1000.130600 , 0.265500 , 0.004900 , 9.606500
407.062500 , 31.613000 , 4.607400 , 5.634385 , 2.478400 , 53.815550 , -0.294100 , 20.104500 , 5.474300 , 9999.000000 , -1.347000 , 34.891000 , -0.010000 , 1000.131450 , 0.209500 , 0.004800 , 9.514500
408.000000 , 31.813000 , 4.598000 , 5.685926 , 2.481000 , 53.781300 , -0.296000 , 20.139000 , 5.455700 , 9999.000000 , -1.348000 , 35.095000 , 0.040000 , 1000.132600 , 0.233000 , 0.004900 , 9.603000
408.812500 , 32.012500 , 4.594350 , 5.660959 , 2.479750 , 53.797400 , -0.294900 , 20.145500 , 5.441150 , 9999.000000 , -1.346000 , 35.298500 , -0.005000 , 1000.133600 , 0.250500 , 0.004800 , 9.564000
409.625000 , 32.224000 , 4.590000 , 5.649245 , 2.481600 , 53.772400 , -0.295100 , 20.235000 , 5.429100 , 9999.000000 , -1.345000 , 35.514000 , -0.030000 , 1000.134700 , 0.232000 , 0.004800 , 9.545000
410.500000 , 32.403000 , 4.583800 , 5.743831 , 2.484300 , 53.736500 , -0.295100 , 20.242000 , 5.383900 , 9999.000000 , -1.345000 , 35.697000 , -0.020000 , 1000.135700 , 0.203000 , 0.004900 , 9.709000
411.437500 , 32.589500 , 4.575600 , 5.703720 , 2.486200 , 53.710750 , -0.293300 , 20.232500 , 5.364300 , 9999.000000 , -1.344000 , 35.887000 , 0.000000 , 1000.136650 , 0.201000 , 0.004850 , 9.642500
412.437500 , 32.796000 , 4.570400 , 5.609749 , 2.488700 , 53.677000 , -0.293350 , 20.217000 , 5.327050 , 9999.000000 , -1.344000 , 36.097500 , -0.015000 , 1000.137650 , 0.198000 , 0.004800 , 9.485500
413.500000 , 32.996000 , 4.563800 , 5.667459 , 2.490500 , 53.653200 , -0.294200 , 20.273000 , 5.309100 , 9999.000000 , -1.344000 , 36.302000 , -0.020000 , 1000.138700 , 0.174000 , 0.004800 , 9.585000
414.625000 , 33.177000 , 4.562300 , 5.614178 , 2.490900 , 53.648400 , -0.293400 , 20.244000 , 5.360500 , 9999.000000 , -1.344000 , 36.486000 , 0.080000 , 1000.139600 , 0.201000 , 0.004800 , 9.495000
415.500000 , 33.397000 , 4.554700 , 5.684231 , 2.491200 , 53.644300 , -0.294100 , 20.223000 , 5.394600 , 9999.000000 , -1.344000 , 36.710000 , 0.070000 , 1000.140800 , 0.284000 , 0.004800 , 9.616000
416.125000 , 33.591000 , 4.553200 , 5.700136 , 2.491200 , 53.644000 , -0.294600 , 20.189000 , 5.409400 , 9999.000000 , -1.344000 , 36.908000 , 0.000000 , 1000.141800 , 0.300000 , 0.004800 , 9.644000
416.750000 , 33.776000 , 4.546400 , 5.716213 , 2.491700 , 53.636100 , -0.294800 , 20.201000 , 5.439800 , 9999.000000 , -1.339000 , 37.097000 , -0.010000 , 1000.142800 , 0.293000 , 0.004800 , 9.673000
417.437500 , 33.971500 , 4.542000 , 5.624876 , 2.492050 , 53.631950 , -0.295300 , 20.221000 , 5.452600 , 9999.000000 , -1.343500 , 37.296000 , -0.010000 , 1000.143750 , 0.285000 , 0.004800 , 9.520000
418.125000 , 34.169000 , 4.536100 , 5.629353 , 2.492200 , 53.630100 , -0.293700 , 20.311000 , 5.428600 , 9999.000000 , -1.342000 , 37.498000 , -0.010000 , 1000.144800 , 0.280000 , 0.004800 , 9.529000
418.812500 , 34.357500 , 4.532000 , 5.578380 , 2.492850 , 53.621600 , -0.297000 , 20.320500 , 5.401950 , 9999.000000 , -1.341000 , 37.690000 , -0.020000 , 1000.145700 , 0.269000 , 0.004750 , 9.444000
419.562500 , 34.553500 , 4.522850 , 5.639309 , 2.493750 , 53.609450 , -0.292700 , 20.382500 , 5.369750 , 9999.000000 , -1.340000 , 37.890000 , -0.020000 , 1000.146800 , 0.256000 , 0.004800 , 9.550500
420.375000 , 34.755000 , 4.519300 , 5.631561 , 2.495100 , 53.591100 , -0.294400 , 20.430000 , 5.328500 , 9999.000000 , -1.340000 , 38.095000 , 0.000000 , 1000.147800 , 0.247000 , 0.004800 , 9.539000
421.187500 , 34.955500 , 4.512850 , 5.665203 , 2.496050 , 53.578800 , -0.292900 , 20.473500 , 5.324800 , 9999.000000 , -1.339500 , 38.300000 , 0.010000 , 1000.148900 , 0.256000 , 0.004800 , 9.597500
421.937500 , 35.156500 , 4.510650 , 5.580136 , 2.497250 , 53.562800 , -0.297450 , 20.426000 , 5.321900 , 9999.000000 , -1.339500 , 38.504500 , 0.000000 , 1000.149900 , 0.257000 , 0.004700 , 9.454000
422.687500 , 35.338000 , 4.507500 , 5.632506 , 2.497900 , 53.553750 , -0.293150 , 20.409500 , 5.298950 , 9999.000000 , -1.341000 , 38.689500 , 0.000000 , 1000.150800 , 0.257000 , 0.004800 , 9.544000
423.437500 , 35.541000 , 4.504750 , 5.682237 , 2.499400 , 53.534000 , -0.293350 , 20.444000 , 5.281400 , 9999.000000 , -1.340500 , 38.896500 , 0.000000 , 1000.151900 , 0.259500 , 0.004800 , 9.629000
424.187500 , 35.728500 , 4.501750 , 5.655834 , 2.499700 , 53.530100 , -0.294200 , 20.434000 , 5.258900 , 9999.000000 , -1.339000 , 39.088000 , 0.000000 , 1000.152800 , 0.260000 , 0.004800 , 9.585000
424.937500 , 35.931500 , 4.492000 , 5.628081 , 2.499400 , 53.533350 , -0.288600 , 20.453500 , 5.243950 , 9999.000000 , -1.337000 , 39.295000 , -0.040000 , 1000.153900 , 0.248500 , 0.004750 , 9.541500
425.812500 , 36.127000 , 4.488750 , 5.642233 , 2.500900 , 53.514200 , -0.292350 , 20.424500 , 5.236950 , 9999.000000 , -1.337000 , 39.494000 , 0.020000 , 1000.154850 , 0.225500 , 0.004800 , 9.566500
426.625000 , 36.314000 , 4.486800 , 5.581506 , 2.501400 , 53.507500 , -0.291400 , 20.371000 , 5.253000 , 9999.000000 , -1.333000 , 39.685000 , 0.090000 , 1000.155800 , 0.281000 , 0.004700 , 9.464000
427.250000 , 36.518000 , 4.485800 , 5.713858 , 2.502100 , 53.498600 , -0.297500 , 20.378000 , 5.276400 , 9999.000000 , -1.337000 , 39.893000 , 0.030000 , 1000.156900 , 0.319000 , 0.004800 , 9.689000
427.875000 , 36.719000 , 4.483800 , 5.632297 , 2.502400 , 53.494500 , -0.294200 , 20.320000 , 5.281500 , 9999.000000 , -1.334000 , 40.098000 , 0.010000 , 1000.157800 , 0.324000 , 0.004800 , 9.551000
428.500000 , 36.921000 , 4.481400 , 5.603056 , 2.502700 , 53.490200 , -0.293300 , 20.293000 , 5.274500 , 9999.000000 , -1.335000 , 40.304000 , 0.010000 , 1000.158800 , 0.333000 , 0.004700 , 9.503000
429.062500 , 37.114500 , 4.478000 , 5.692485 , 2.502700 , 53.490200 , -0.296200 , 20.298000 , 5.269550 , 9999.000000 , -1.335000 , 40.501000 , -0.005000 , 1000.159900 , 0.337000 , 0.004800 , 9.655500
429.625000 , 37.307000 , 4.474100 , 5.651489 , 2.502800 , 53.489000 , -0.292700 , 20.341000 , 5.250800 , 9999.000000 , -1.332000 , 40.698000 , -0.040000 , 1000.160800 , 0.321000 , 0.004800 , 9.587000
430.312500 , 37.513000 , 4.469500 , 5.608105 , 2.504100 , 53.471900 , -0.293550 , 20.352000 , 5.239600 , 9999.000000 , -1.336000 , 40.907500 , -0.025000 , 1000.161850 , 0.293000 , 0.004700 , 9.514000
431.000000 , 37.702000 , 4.455500 , 5.628499 , 2.505000 , 53.458900 , -0.295100 , 20.391000 , 5.236700 , 9999.000000 , -1.333000 , 41.100000 , 0.030000 , 1000.162900 , 0.300000 , 0.004700 , 9.554000
431.625000 , 37.904000 , 4.441400 , 5.602613 , 2.504900 , 53.460100 , -0.296200 , 20.412000 , 5.237100 , 9999.000000 , -1.335000 , 41.306000 , 0.030000 , 1000.164000 , 0.322000 , 0.004700 , 9.515000
432.187500 , 38.089500 , 4.438750 , 5.654945 , 2.505950 , 53.446050 , -0.295750 , 20.419000 , 5.223300 , 9999.000000 , -1.334000 , 41.495500 , -0.020000 , 1000.165000 , 0.322500 , 0.004750 , 9.604500
432.812500 , 38.290000 , 4.434900 , 5.678216 , 2.507100 , 53.430600 , -0.292400 , 20.430000 , 5.205500 , 9999.000000 , -1.335500 , 41.700000 , -0.020000 , 1000.166000 , 0.308000 , 0.004800 , 9.645500
433.500000 , 38.490000 , 4.430300 , 5.618706 , 2.507700 , 53.422900 , -0.293000 , 20.453000 , 5.182800 , 9999.000000 , -1.333000 , 41.904000 , -0.020000 , 1000.167000 , 0.294000 , 0.004700 , 9.545000
434.187500 , 38.695500 , 4.428550 , 5.618156 , 2.508650 , 53.410350 , -0.295000 , 20.452500 , 5.175400 , 9999.000000 , -1.333000 , 42.113500 , -0.035000 , 1000.168000 , 0.278500 , 0.004700 , 9.545000
434.937500 , 38.892000 , 4.423550 , 5.631892 , 2.510600 , 53.384800 , -0.293100 , 20.352500 , 5.157300 , 9999.000000 , -1.332500 , 42.313500 , -0.065000 , 1000.169050 , 0.235500 , 0.004700 , 9.570000
436.000000 , 39.097000 , 4.421600 , 5.682821 , 2.512300 , 53.361800 , -0.294400 , 20.324000 , 5.110400 , 9999.000000 , -1.333000 , 42.523000 , -0.060000 , 1000.170100 , 0.149000 , 0.004800 , 9.657000
437.375000 , 39.274000 , 4.419400 , 5.627598 , 2.514500 , 53.331600 , -0.294200 , 20.311000 , 5.021300 , 9999.000000 , -1.332000 , 42.703000 , 0.010000 , 1000.171000 , 0.137000 , 0.004700 , 9.564000
440.812500 , 39.486500 , 4.415750 , 5.649280 , 2.520500 , 53.252750 , -0.294350 , 20.265000 , 4.879250 , 9999.000000 , -1.329000 , 42.920500 , -0.010000 , 1000.172100 , 0.028500 , 0.004700 , 9.602000
444.125000 , 39.656000 , 4.409600 , 5.666840 , 2.519800 , 53.262300 , -0.294600 , 20.266000 , 5.001600 , 9999.000000 , -1.329000 , 43.093000 , 0.120000 , 1000.172900 , 0.185000 , 0.004700 , 9.633000
445.000000 , 39.854000 , 4.407200 , 5.622103 , 2.517800 , 53.288700 , -0.293500 , 20.222000 , 5.068300 , 9999.000000 , -1.328000 , 43.295000 , 0.040000 , 1000.173900 , 0.256000 , 0.004700 , 9.560000
445.750000 , 40.067000 , 4.401400 , 5.662337 , 2.517500 , 53.292300 , -0.294200 , 20.271000 , 5.103300 , 9999.000000 , -1.326000 , 43.512000 , -0.030000 , 1000.175000 , 0.252000 , 0.004700 , 9.629000
446.562500 , 40.247500 , 4.400650 , 5.684139 , 2.518500 , 53.279150 , -0.294950 , 20.308500 , 5.117100 , 9999.000000 , -1.326000 , 43.696000 , 0.025000 , 1000.175950 , 0.247000 , 0.004750 , 9.666500
447.312500 , 40.450500 , 4.399250 , 5.636513 , 2.519150 , 53.270950 , -0.296200 , 20.324000 , 5.141900 , 9999.000000 , -1.324000 , 43.903000 , 0.030000 , 1000.176900 , 0.271000 , 0.004700 , 9.586000
448.000000 , 40.636000 , 4.397600 , 5.627865 , 2.519800 , 53.262500 , -0.295100 , 20.280000 , 5.165000 , 9999.000000 , -1.325000 , 44.092000 , 0.000000 , 1000.177800 , 0.279000 , 0.004700 , 9.572000
448.687500 , 40.836500 , 4.395400 , 5.589804 , 2.520150 , 53.257700 , -0.294750 , 20.333000 , 5.150550 , 9999.000000 , -1.324000 , 44.296500 , -0.015000 , 1000.178850 , 0.270000 , 0.004700 , 9.508000
449.437500 , 41.027500 , 4.392400 , 5.649283 , 2.520850 , 53.247400 , -0.291550 , 20.354000 , 5.132950 , 9999.000000 , -1.324000 , 44.491500 , -0.025000 , 1000.179800 , 0.250500 , 0.004700 , 9.609500
450.250000 , 41.226000 , 4.390900 , 5.632538 , 2.522400 , 53.226800 , -0.294200 , 20.353000 , 5.102200 , 9999.000000 , -1.324000 , 44.694000 , -0.000000 , 1000.180800 , 0.244000 , 0.004700 , 9.582000
451.062500 , 41.423000 , 4.389550 , 5.692187 , 2.524150 , 53.203050 , -0.293600 , 20.320500 , 5.067100 , 9999.000000 , -1.324000 , 44.894500 , 0.005000 , 1000.181800 , 0.246000 , 0.004700 , 9.684000
451.875000 , 41.628000 , 4.388400 , 5.652811 , 2.525100 , 53.191500 , -0.295500 , 20.340000 , 5.026400 , 9999.000000 , -1.324000 , 45.104000 , -0.020000 , 1000.182800 , 0.236000 , 0.004700 , 9.617000
452.750000 , 41.819000 , 4.389800 , 5.694940 , 2.526200 , 53.177500 , -0.289400 , 20.341000 , 4.998500 , 9999.000000 , -1.324000 , 45.299000 , -0.020000 , 1000.183800 , 0.216000 , 0.004800 , 9.688000
453.687500 , 42.015000 , 4.393850 , 5.618104 , 2.527750 , 53.155900 , -0.293400 , 20.123500 , 4.995100 , 9999.000000 , -1.323000 , 45.498500 , -0.020000 , 1000.184650 , 0.197500 , 0.004700 , 9.556500
454.687500 , 42.205500 , 4.394500 , 5.685629 , 2.529600 , 53.131650 , -0.293750 , 19.949500 , 4.961950 , 9999.000000 , -1.321000 , 45.692500 , 0.030000 , 1000.185650 , 0.211000 , 0.004750 , 9.671000
455.562500 , 42.410000 , 4.393950 , 5.653944 , 2.530950 , 53.114300 , -0.294900 , 19.826000 , 4.976150 , 9999.000000 , -1.319000 , 45.901000 , 0.025000 , 1000.186650 , 0.238000 , 0.004700 , 9.617500
456.375000 , 42.607000 , 4.393800 , 5.678761 , 2.532000 , 53.100200 , -0.294200 , 19.832000 , 4.977100 , 9999.000000 , -1.320000 , 46.102000 , -0.010000 , 1000.187600 , 0.235000 , 0.004700 , 9.659000
457.250000 , 42.802000 , 4.393500 , 5.640408 , 2.533400 , 53.081000 , -0.292000 , 19.708000 , 4.947000 , 9999.000000 , -1.319000 , 46.301000 , 0.010000 , 1000.188600 , 0.231000 , 0.004700 , 9.594000
458.062500 , 42.995000 , 4.392100 , 5.653364 , 2.533750 , 53.076800 , -0.293350 , 19.603000 , 4.954250 , 9999.000000 , -1.318000 , 46.497500 , 0.025000 , 1000.189600 , 0.254500 , 0.004700 , 9.617000
458.812500 , 43.202000 , 4.390900 , 5.627648 , 2.534400 , 53.068500 , -0.293900 , 19.509500 , 4.957650 , 9999.000000 , -1.320000 , 46.708500 , -0.020000 , 1000.190550 , 0.252500 , 0.004700 , 9.573500
459.625000 , 43.389000 , 4.389100 , 5.664429 , 2.535100 , 53.058500 , -0.293000 , 19.500000 , 4.947300 , 9999.000000 , -1.318000 , 46.899000 , -0.040000 , 1000.191500 , 0.222000 , 0.004700 , 9.637000
460.562500 , 43.586500 , 4.387600 , 5.689384 , 2.536450 , 53.040600 , -0.294350 , 19.422500 , 4.946750 , 9999.000000 , -1.318500 , 47.101000 , 0.000000 , 1000.192500 , 0.206500 , 0.004750 , 9.679500
461.500000 , 43.782000 , 4.384300 , 5.729515 , 2.537300 , 53.028900 , -0.294000 , 19.446000 , 4.950800 , 9999.000000 , -1.318000 , 47.300000 , 0.030000 , 1000.193500 , 0.230000 , 0.004800 , 9.749000
462.312500 , 43.982500 , 4.379150 , 5.736135 , 2.538250 , 53.016050 , -0.291300 , 19.546000 , 4.951750 , 9999.000000 , -1.317500 , 47.504500 , -0.010000 , 1000.194550 , 0.235000 , 0.004800 , 9.762000
463.125000 , 44.165000 , 4.371500 , 5.696255 , 2.538800 , 53.009400 , -0.292200 , 19.790000 , 4.933800 , 9999.000000 , -1.315000 , 47.691000 , -0.000000 , 1000.195500 , 0.227000 , 0.004700 , 9.697000
464.000000 , 44.364000 , 4.363900 , 5.714860 , 2.540700 , 52.984600 , -0.291200 , 19.957000 , 4.927700 , 9999.000000 , -1.315000 , 47.894000 , 0.020000 , 1000.196500 , 0.239000 , 0.004700 , 9.731000
464.812500 , 44.567000 , 4.361600 , 5.687592 , 2.540750 , 52.983800 , -0.291050 , 19.930500 , 4.925850 , 9999.000000 , -1.315000 , 48.100500 , 0.005000 , 1000.197500 , 0.253500 , 0.004700 , 9.685000
465.562500 , 44.762500 , 4.359200 , 5.736281 , 2.541750 , 52.970100 , -0.292550 , 19.914500 , 4.923550 , 9999.000000 , -1.315000 , 48.300000 , -0.010000 , 1000.198550 , 0.248500 , 0.004800 , 9.769000
466.375000 , 44.955000 , 4.355000 , 5.674153 , 2.543100 , 52.952700 , -0.292900 , 19.908000 , 4.920200 , 9999.000000 , -1.314000 , 48.496000 , -0.020000 , 1000.199500 , 0.229000 , 0.004700 , 9.665000
467.250000 , 45.144000 , 4.349600 , 5.748225 , 2.544000 , 52.940800 , -0.295100 , 19.918000 , 4.921200 , 9999.000000 , -1.316000 , 48.689000 , 0.030000 , 1000.200500 , 0.228000 , 0.004800 , 9.792000
468.062500 , 45.344000 , 4.344600 , 5.660488 , 2.544150 , 52.938400 , -0.293100 , 19.914500 , 4.916050 , 9999.000000 , -1.316000 , 48.893000 , 0.065000 , 1000.201450 , 0.275500 , 0.004700 , 9.644500
468.750000 , 45.551000 , 4.340200 , 5.710045 , 2.545300 , 52.922900 , -0.293400 , 19.955000 , 4.912400 , 9999.000000 , -1.314000 , 49.104000 , 0.000000 , 1000.202500 , 0.298000 , 0.004700 , 9.731000
