analysis/ctd/Lk Eleanor Oct2013_2_down.txt
* Sea-Bird SBE25 Data File:
* FileName = C:\Documents and Settings\Field User\Desktop\Lk Eleanor Oct2013.hex
* Software Version 1.59
* Temperature SN = 2360
* Conductivity SN = 2021
* System UpLoad Time = Nov 04 2013 09:45:48
** Rim Fire sampling at Lake Eleanor October 2013
* ds
# nquan = 18                                
# nvalues = 6414                        
# units = specified
# name 0 = timeS: Time, Elapsed [seconds]
# name 1 = prSM: Pressure, Strain Gauge [db]
# name 2 = t090C: Temperature [ITS-90, deg C]
# name 3 = c0uS/cm: Conductivity [uS/cm]
# name 4 = bat: Beam Attenuation, Chelsea/Seatech [1/m]
# name 5 = xmiss: Beam Transmission, Chelsea/Seatech [%]
# name 6 = wetStar: Fluorescence, WET Labs WETstar [mg/m^3]
# name 7 = seaTurbMtr: Turbidity, Seapoint [FTU]
# name 8 = sbeox0Mg/L: Oxygen, SBE 43 [mg/l]
# name 9 = par: PAR/Irradiance, Biospherical/Licor
# name 10 = ph: pH
# name 11 = depFM: Depth [fresh water, m], lat = 0
# name 12 = accM: Acceleration [m/s^2], WS = 2
# name 13 = density00: Density [density, kg/m^3]
# name 14 = dz/dtM: Descent Rate [m/s], WS = 2
# name 15 = sal00: Salinity, Practical [PSU]
# name 16 = specc: Specific Conductance [uS/cm]
# span 0 =      0.000,    801.625       
# span 1 =     -2.696,     58.271       
# span 2 =     4.3149,    65.6543       
# span 3 =  -0.058555,  20.511908       
# span 4 =    -0.0649,     6.8685       
# span 5 =    17.9626,   101.6379       
# span 6 =    -0.3026,    -0.2868       
# span 7 =      0.328,     21.279       
# span 8 =     1.8283,    10.9082       
# span 9 = 9.9990e+03, 9.9990e+03       
# span 10 =     -1.682,      0.082      
# span 11 =     -2.749,     59.420      
# span 12 =      -0.48,       0.28      
# span 13 =   980.6062,  1000.2731      
# span 14 =     -0.380,      0.404      
# span 15 =     0.0000,     0.0210      
# span 16 =     -0.081,     34.888      
# span 17 = 0.0000e+00, 0.0000e+00      
# interval = seconds: 0.125
# start_time = Oct 30 2013 16:08:29 [Instrument's time stamp, header]
# bad_flag = -9.990e-29
*END*
[from data line 81]
337.062500 , 14.369000 , 6.950600 , 5.898540 , 2.341700 , 55.686100 , -0.294150 , 19.752000 , 6.769650 , 9999.000000 , -1.349000 , 17.307500 , -0.010000 , 999.981200 , 0.266500 , 0.006100 , 9.226500
337.812500 , 14.571000 , 6.842700 , 5.998472 , 2.344850 , 55.642050 , -0.290250 , 19.770000 , 6.759550 , 9999.000000 , -1.352500 , 17.513500 , -0.010000 , 999.987000 , 0.259500 , 0.006100 , 9.418500
338.562500 , 14.760500 , 6.769850 , 5.965706 , 2.347700 , 55.603050 , -0.292400 , 19.823000 , 6.747550 , 9999.000000 , -1.354000 , 17.706500 , -0.015000 , 999.991150 , 0.249000 , 0.006100 , 9.388500
339.375000 , 14.956000 , 6.682700 , 5.897130 , 2.350100 , 55.570700 , -0.296400 , 19.839000 , 6.721200 , 9999.000000 , -1.354000 , 17.906000 , -0.020000 , 999.995700 , 0.234000 , 0.006000 , 9.308000
340.187500 , 15.137500 , 6.598100 , 5.878101 , 2.354800 , 55.504400 , -0.297350 , 19.918000 , 6.717350 , 9999.000000 , -1.359500 , 18.091000 , 0.060000 , 1000.000050 , 0.256000 , 0.006000 , 9.299500
340.875000 , 15.333000 , 6.555700 , 5.924683 , 2.356800 , 55.476500 , -0.294700 , 19.890000 , 6.721000 , 9999.000000 , -1.358000 , 18.290000 , 0.040000 , 1000.002700 , 0.291000 , 0.006000 , 9.384000
341.562500 , 15.542500 , 6.505850 , 5.872903 , 2.357900 , 55.461150 , -0.295200 , 19.951000 , 6.700200 , 9999.000000 , -1.359500 , 18.504000 , -0.020000 , 1000.005650 , 0.291500 , 0.005900 , 9.322500
342.250000 , 15.735000 , 6.451200 , 5.933722 , 2.360300 , 55.428400 , -0.296100 , 19.976000 , 6.696200 , 9999.000000 , -1.358000 , 18.700000 , -0.010000 , 1000.008800 , 0.281000 , 0.005900 , 9.434000
342.937500 , 15.927500 , 6.432450 , 5.874055 , 2.362400 , 55.399700 , -0.293350 , 20.082500 , 6.733500 , 9999.000000 , -1.358000 , 18.896500 , 0.005000 , 1000.010350 , 0.282500 , 0.005900 , 9.342000
343.625000 , 16.124000 , 6.409400 , 5.787062 , 2.364700 , 55.366600 , -0.293800 , 20.122000 , 6.771000 , 9999.000000 , -1.358000 , 19.097000 , -0.030000 , 1000.012200 , 0.274000 , 0.005800 , 9.212000
344.375000 , 16.320000 , 6.350700 , 5.879195 , 2.366900 , 55.336300 , -0.293000 , 20.065000 , 6.712300 , 9999.000000 , -1.359000 , 19.297000 , -0.050000 , 1000.015300 , 0.241000 , 0.005800 , 9.367000
345.250000 , 16.511000 , 6.303200 , 5.865186 , 2.368300 , 55.318100 , -0.292800 , 20.039000 , 6.607400 , 9999.000000 , -1.357000 , 19.492000 , 0.020000 , 1000.018000 , 0.229000 , 0.005800 , 9.368000
346.062500 , 16.709500 , 6.273600 , 5.857990 , 2.372050 , 55.265000 , -0.291900 , 20.064500 , 6.588200 , 9999.000000 , -1.356000 , 19.694000 , 0.020000 , 1000.020000 , 0.248000 , 0.005800 , 9.365000
346.875000 , 16.914000 , 6.239100 , 5.834963 , 2.373700 , 55.244700 , -0.293100 , 20.144000 , 6.604100 , 9999.000000 , -1.358000 , 19.902000 , -0.000000 , 1000.022200 , 0.249000 , 0.005800 , 9.339000
347.687500 , 17.113000 , 6.220600 , 5.825585 , 2.376400 , 55.206450 , -0.295550 , 20.187000 , 6.607150 , 9999.000000 , -1.359000 , 20.105500 , 0.020000 , 1000.023800 , 0.259000 , 0.005750 , 9.329500
348.437500 , 17.316500 , 6.164700 , 5.826724 , 2.378700 , 55.174700 , -0.295050 , 20.211000 , 6.560950 , 9999.000000 , -1.359500 , 20.313000 , 0.000000 , 1000.026700 , 0.267500 , 0.005700 , 9.348000
349.187500 , 17.518000 , 6.129050 , 5.818421 , 2.381100 , 55.141300 , -0.289500 , 20.251000 , 6.473150 , 9999.000000 , -1.361000 , 20.518500 , -0.020000 , 1000.028900 , 0.256500 , 0.005700 , 9.347000
349.937500 , 17.702000 , 6.104450 , 5.801855 , 2.383700 , 55.104500 , -0.294400 , 20.210500 , 6.406000 , 9999.000000 , -1.358500 , 20.706000 , -0.030000 , 1000.030600 , 0.234000 , 0.005700 , 9.326000
350.812500 , 17.895000 , 6.093250 , 5.847293 , 2.385950 , 55.074250 , -0.292550 , 20.197000 , 6.383750 , 9999.000000 , -1.358000 , 20.903000 , -0.005000 , 1000.032000 , 0.217000 , 0.005700 , 9.402500
351.687500 , 18.080500 , 6.061450 , 5.795945 , 2.387250 , 55.056850 , -0.294900 , 20.196000 , 6.386750 , 9999.000000 , -1.357500 , 21.092000 , 0.050000 , 1000.033900 , 0.237000 , 0.005700 , 9.331000
352.437500 , 18.277000 , 6.008000 , 5.778789 , 2.388000 , 55.045900 , -0.292100 , 20.158000 , 6.416300 , 9999.000000 , -1.361000 , 21.292500 , 0.040000 , 1000.036550 , 0.273500 , 0.005600 , 9.318000
353.125000 , 18.473000 , 5.960600 , 5.737072 , 2.390300 , 55.015100 , -0.290800 , 20.163000 , 6.439800 , 9999.000000 , -1.363000 , 21.492000 , 0.010000 , 1000.039000 , 0.289000 , 0.005600 , 9.265000
353.812500 , 18.674000 , 5.945650 , 5.732610 , 2.392250 , 54.988550 , -0.291900 , 20.191500 , 6.416800 , 9999.000000 , -1.360500 , 21.697500 , 0.010000 , 1000.040400 , 0.294000 , 0.005600 , 9.262000
354.500000 , 18.876000 , 5.914800 , 5.848150 , 2.394300 , 54.958700 , -0.293200 , 20.296000 , 6.365700 , 9999.000000 , -1.361000 , 21.903000 , -0.010000 , 1000.042400 , 0.293000 , 0.005600 , 9.456000
355.187500 , 19.078500 , 5.893600 , 5.739707 , 2.395700 , 54.940050 , -0.294100 , 20.303500 , 6.343350 , 9999.000000 , -1.360000 , 22.109500 , -0.010000 , 1000.043950 , 0.286000 , 0.005500 , 9.290500
355.875000 , 19.272000 , 5.838200 , 5.737546 , 2.397300 , 54.917200 , -0.292200 , 20.221000 , 6.325600 , 9999.000000 , -1.359000 , 22.307000 , -0.020000 , 1000.046500 , 0.274000 , 0.005500 , 9.303000
356.562500 , 19.455500 , 5.817650 , 5.743932 , 2.398900 , 54.895800 , -0.294450 , 20.286000 , 6.336200 , 9999.000000 , -1.360500 , 22.494000 , 0.000000 , 1000.048000 , 0.268500 , 0.005500 , 9.318500
357.312500 , 19.652500 , 5.785950 , 5.733308 , 2.399700 , 54.884600 , -0.293400 , 20.289500 , 6.314800 , 9999.000000 , -1.361500 , 22.695000 , 0.030000 , 1000.049900 , 0.283000 , 0.005500 , 9.313500
358.000000 , 19.861000 , 5.757600 , 5.804452 , 2.402200 , 54.852300 , -0.296500 , 20.319000 , 6.278800 , 9999.000000 , -1.360000 , 22.908000 , -0.010000 , 1000.051700 , 0.290000 , 0.005500 , 9.435000
358.687500 , 20.057500 , 5.728850 , 5.743973 , 2.403650 , 54.831400 , -0.294650 , 20.290000 , 6.237550 , 9999.000000 , -1.361500 , 23.108000 , -0.040000 , 1000.053500 , 0.269500 , 0.005500 , 9.346000
359.437500 , 20.247000 , 5.707350 , 5.744606 , 2.405800 , 54.801250 , -0.292950 , 20.327500 , 6.207450 , 9999.000000 , -1.359500 , 23.301500 , -0.010000 , 1000.055000 , 0.250500 , 0.005450 , 9.353000
360.187500 , 20.433000 , 5.687150 , 5.819259 , 2.407450 , 54.778700 , -0.295200 , 20.316500 , 6.165800 , 9999.000000 , -1.362000 , 23.491000 , -0.030000 , 1000.056500 , 0.241000 , 0.005500 , 9.483000
361.062500 , 20.632000 , 5.650950 , 5.759433 , 2.409450 , 54.752150 , -0.294750 , 20.380000 , 6.138550 , 9999.000000 , -1.361500 , 23.694000 , -0.005000 , 1000.058400 , 0.222500 , 0.005400 , 9.392500
361.937500 , 20.825500 , 5.622500 , 5.733697 , 2.411150 , 54.728350 , -0.294950 , 20.408500 , 6.138200 , 9999.000000 , -1.359500 , 23.891000 , 0.015000 , 1000.060050 , 0.233500 , 0.005400 , 9.363000
362.812500 , 21.033500 , 5.571200 , 5.713970 , 2.414300 , 54.685100 , -0.293050 , 20.426000 , 6.135550 , 9999.000000 , -1.358000 , 24.103000 , -0.015000 , 1000.062350 , 0.224000 , 0.005400 , 9.350500
363.687500 , 21.220000 , 5.542350 , 5.745632 , 2.414900 , 54.677150 , -0.296200 , 20.507500 , 6.135750 , 9999.000000 , -1.361000 , 24.293500 , 0.070000 , 1000.064000 , 0.256000 , 0.005400 , 9.405500
364.375000 , 21.422000 , 5.527700 , 5.803938 , 2.417700 , 54.637800 , -0.294200 , 20.481000 , 6.151700 , 9999.000000 , -1.359000 , 24.499000 , 0.030000 , 1000.065400 , 0.296000 , 0.005400 , 9.506000
365.000000 , 21.618000 , 5.505700 , 5.739001 , 2.417700 , 54.638500 , -0.293600 , 20.465000 , 6.145300 , 9999.000000 , -1.362000 , 24.699000 , -0.040000 , 1000.066900 , 0.282000 , 0.005300 , 9.406000
365.750000 , 21.805000 , 5.479700 , 5.742926 , 2.418200 , 54.631600 , -0.290900 , 20.426000 , 6.128900 , 9999.000000 , -1.360000 , 24.890000 , -0.010000 , 1000.068400 , 0.264000 , 0.005300 , 9.419000
366.500000 , 22.012000 , 5.440700 , 5.750939 , 2.419800 , 54.609700 , -0.292100 , 20.419000 , 6.103600 , 9999.000000 , -1.361000 , 25.101000 , 0.010000 , 1000.070300 , 0.270000 , 0.005300 , 9.446000
367.187500 , 22.195500 , 5.403950 , 5.636076 , 2.421900 , 54.582100 , -0.291200 , 20.403500 , 6.069350 , 9999.000000 , -1.363000 , 25.288000 , -0.025000 , 1000.072050 , 0.264000 , 0.005200 , 9.267000
368.000000 , 22.406000 , 5.354000 , 5.766700 , 2.422500 , 54.573500 , -0.294000 , 20.341000 , 6.029100 , 9999.000000 , -1.363000 , 25.503000 , -0.040000 , 1000.074200 , 0.239000 , 0.005300 , 9.494000
368.875000 , 22.597000 , 5.316800 , 5.772912 , 2.424900 , 54.540500 , -0.293200 , 20.298000 , 5.995800 , 9999.000000 , -1.364000 , 25.698000 , 0.000000 , 1000.076000 , 0.219000 , 0.005300 , 9.520000
369.750000 , 22.791000 , 5.295400 , 5.750032 , 2.425500 , 54.531600 , -0.293200 , 20.265000 , 5.959400 , 9999.000000 , -1.364000 , 25.895000 , 0.030000 , 1000.077300 , 0.237000 , 0.005200 , 9.488000
370.562500 , 22.992500 , 5.276000 , 5.794732 , 2.427850 , 54.500950 , -0.294550 , 20.326500 , 5.970250 , 9999.000000 , -1.361500 , 26.101000 , 0.010000 , 1000.078750 , 0.256500 , 0.005300 , 9.571000
371.312500 , 23.192000 , 5.248850 , 5.642163 , 2.428750 , 54.488100 , -0.296500 , 20.342500 , 5.998650 , 9999.000000 , -1.362000 , 26.304500 , 0.000000 , 1000.080200 , 0.256000 , 0.005150 , 9.325500
372.062500 , 23.376000 , 5.228900 , 5.690939 , 2.430400 , 54.465600 , -0.295500 , 20.354500 , 6.005900 , 9999.000000 , -1.363000 , 26.492000 , 0.010000 , 1000.081550 , 0.259500 , 0.005200 , 9.412500
372.812500 , 23.581000 , 5.206900 , 5.677013 , 2.431100 , 54.456000 , -0.291500 , 20.367000 , 6.039250 , 9999.000000 , -1.364000 , 26.701000 , 0.015000 , 1000.083000 , 0.275000 , 0.005150 , 9.397000
373.500000 , 23.772000 , 5.195400 , 5.730486 , 2.432400 , 54.438000 , -0.291300 , 20.401000 , 6.062200 , 9999.000000 , -1.364000 , 26.896000 , -0.020000 , 1000.084200 , 0.273000 , 0.005200 , 9.488000
374.250000 , 23.975000 , 5.168500 , 5.685590 , 2.433600 , 54.421700 , -0.294100 , 20.367000 , 6.013400 , 9999.000000 , -1.361000 , 27.103000 , -0.030000 , 1000.085700 , 0.247000 , 0.005100 , 9.423000
375.062500 , 24.156000 , 5.130250 , 5.678071 , 2.435700 , 54.393200 , -0.293550 , 20.383500 , 5.957800 , 9999.000000 , -1.361000 , 27.287500 , 0.045000 , 1000.087300 , 0.256000 , 0.005100 , 9.422500
375.750000 , 24.351000 , 5.122200 , 5.673250 , 2.443100 , 54.293800 , -0.291300 , 20.401000 , 5.950900 , 9999.000000 , -1.361000 , 27.486000 , 0.040000 , 1000.088400 , 0.292000 , 0.005100 , 9.417000
376.437500 , 24.562000 , 5.099450 , 5.702325 , 2.439700 , 54.338750 , -0.297350 , 20.361000 , 5.941900 , 9999.000000 , -1.361000 , 27.701500 , -0.015000 , 1000.089850 , 0.297000 , 0.005100 , 9.472500
377.125000 , 24.760000 , 5.079600 , 5.692241 , 2.441800 , 54.310800 , -0.294800 , 20.234000 , 5.927000 , 9999.000000 , -1.363000 , 27.903000 , -0.020000 , 1000.091100 , 0.281000 , 0.005100 , 9.463000
377.812500 , 24.950500 , 5.066950 , 5.757565 , 2.443050 , 54.294250 , -0.295500 , 20.280000 , 5.872650 , 9999.000000 , -1.361500 , 28.097500 , -0.030000 , 1000.092350 , 0.260000 , 0.005150 , 9.574000
378.625000 , 25.147000 , 5.054800 , 5.697155 , 2.446900 , 54.241600 , -0.292900 , 20.341000 , 5.828700 , 9999.000000 , -1.362000 , 28.298000 , -0.010000 , 1000.093500 , 0.243000 , 0.005100 , 9.478000
379.437500 , 25.346500 , 5.046400 , 5.765676 , 2.447950 , 54.227550 , -0.293500 , 20.311000 , 5.778000 , 9999.000000 , -1.361500 , 28.501000 , -0.015000 , 1000.094700 , 0.239500 , 0.005100 , 9.593500
380.312500 , 25.547500 , 5.025100 , 5.678887 , 2.449000 , 54.213150 , -0.294150 , 20.137500 , 5.761850 , 9999.000000 , -1.359500 , 28.706000 , -0.030000 , 1000.095950 , 0.210500 , 0.005100 , 9.456000
381.250000 , 25.732000 , 5.009100 , 5.728005 , 2.450100 , 54.197500 , -0.294100 , 20.091000 , 5.752600 , 9999.000000 , -1.359000 , 28.894000 , 0.020000 , 1000.097200 , 0.209000 , 0.005100 , 9.545000
382.125000 , 25.924000 , 4.982300 , 5.710559 , 2.450700 , 54.190100 , -0.291700 , 20.120000 , 5.758800 , 9999.000000 , -1.359000 , 29.090000 , 0.030000 , 1000.098500 , 0.230000 , 0.005100 , 9.523000
382.937500 , 26.121000 , 4.971500 , 5.690864 , 2.451950 , 54.173550 , -0.293300 , 20.178000 , 5.775150 , 9999.000000 , -1.358500 , 29.291000 , 0.020000 , 1000.099650 , 0.251000 , 0.005000 , 9.493500
383.750000 , 26.331000 , 4.950600 , 5.695840 , 2.452600 , 54.163500 , -0.293500 , 20.158000 , 5.763800 , 9999.000000 , -1.361000 , 29.505000 , -0.020000 , 1000.101000 , 0.247000 , 0.005000 , 9.505000
384.562500 , 26.521000 , 4.892000 , 5.729681 , 2.455000 , 54.132500 , -0.295000 , 20.079000 , 5.742250 , 9999.000000 , -1.358500 , 29.699000 , -0.010000 , 1000.102900 , 0.233000 , 0.005000 , 9.582000
385.375000 , 26.710000 , 4.864900 , 5.683225 , 2.455900 , 54.119400 , -0.293200 , 20.104000 , 5.701400 , 9999.000000 , -1.360000 , 29.892000 , 0.010000 , 1000.104200 , 0.235000 , 0.005000 , 9.512000
386.250000 , 26.922000 , 4.860700 , 5.662923 , 2.456600 , 54.110200 , -0.292100 , 20.112000 , 5.638200 , 9999.000000 , -1.358000 , 30.108000 , -0.020000 , 1000.105300 , 0.226000 , 0.005000 , 9.483000
387.125000 , 27.100000 , 4.835500 , 5.682194 , 2.454400 , 54.139600 , -0.291400 , 20.158000 , 5.635500 , 9999.000000 , -1.356000 , 30.289000 , 0.020000 , 1000.106500 , 0.223000 , 0.005000 , 9.524000
387.937500 , 27.301500 , 4.821650 , 5.705041 , 2.450150 , 54.198250 , -0.293100 , 20.203500 , 5.656200 , 9999.000000 , -1.357000 , 30.495000 , 0.045000 , 1000.107700 , 0.260500 , 0.005000 , 9.565000
388.687500 , 27.504000 , 4.813600 , 5.728977 , 2.457350 , 54.099350 , -0.291350 , 20.202500 , 5.653300 , 9999.000000 , -1.356500 , 30.701500 , -0.025000 , 1000.108800 , 0.264500 , 0.005000 , 9.608000
389.500000 , 27.714000 , 4.808800 , 5.685586 , 2.460000 , 54.065000 , -0.294300 , 20.278000 , 5.638000 , 9999.000000 , -1.356000 , 30.915000 , -0.050000 , 1000.109900 , 0.227000 , 0.005000 , 9.536000
390.437500 , 27.898500 , 4.786150 , 5.722684 , 2.462800 , 54.027200 , -0.293700 , 20.350000 , 5.584950 , 9999.000000 , -1.355500 , 31.103500 , 0.015000 , 1000.111100 , 0.207500 , 0.005000 , 9.605500
391.312500 , 28.093500 , 4.778550 , 5.694750 , 2.463800 , 54.012650 , -0.293350 , 20.358000 , 5.543900 , 9999.000000 , -1.354500 , 31.302500 , 0.000000 , 1000.112200 , 0.222000 , 0.004950 , 9.561500
392.187500 , 28.281500 , 4.768400 , 5.669512 , 2.464450 , 54.004350 , -0.295200 , 20.335500 , 5.552400 , 9999.000000 , -1.354500 , 31.494000 , -0.020000 , 1000.113250 , 0.215000 , 0.004950 , 9.521000
393.187500 , 28.489500 , 4.755500 , 5.692329 , 2.465750 , 53.986300 , -0.293400 , 20.303000 , 5.558850 , 9999.000000 , -1.353000 , 31.706000 , -0.020000 , 1000.114450 , 0.194500 , 0.004900 , 9.565000
394.125000 , 28.669000 , 4.748600 , 5.716340 , 2.466300 , 53.979500 , -0.294400 , 20.272000 , 5.568000 , 9999.000000 , -1.353000 , 31.889000 , 0.030000 , 1000.115400 , 0.210000 , 0.004900 , 9.608000
395.000000 , 28.867000 , 4.745100 , 5.694284 , 2.467400 , 53.964500 , -0.293400 , 20.224000 , 5.573200 , 9999.000000 , -1.353000 , 32.091000 , -0.000000 , 1000.116400 , 0.225000 , 0.004900 , 9.572000
395.937500 , 29.076000 , 4.742050 , 5.687428 , 2.467850 , 53.958300 , -0.295200 , 20.224000 , 5.543250 , 9999.000000 , -1.353000 , 32.304500 , -0.005000 , 1000.117450 , 0.214000 , 0.004900 , 9.560500
396.875000 , 29.272000 , 4.733500 , 5.746418 , 2.469300 , 53.938300 , -0.293100 , 20.189000 , 5.509500 , 9999.000000 , -1.353000 , 32.504000 , 0.020000 , 1000.118600 , 0.221000 , 0.005000 , 9.661000
397.687500 , 29.458500 , 4.724200 , 5.680577 , 2.469300 , 53.938300 , -0.293900 , 20.155000 , 5.486000 , 9999.000000 , -1.354000 , 32.694500 , 0.010000 , 1000.119550 , 0.233500 , 0.004900 , 9.556000
398.500000 , 29.651000 , 4.704600 , 5.710341 , 2.469700 , 53.933100 , -0.293400 , 20.154000 , 5.483900 , 9999.000000 , -1.349000 , 32.891000 , 0.000000 , 1000.120800 , 0.235000 , 0.004900 , 9.613000
