analysis/ctd/LTP1444_down.txt
* Sea-Bird SBE25 Data File:
* FileName = C:\Documents and Settings\Field User\Desktop\LTP1444.hex
* Software Version 1.59
* Temperature SN = 2360
* Conductivity SN = 2021
* System UpLoad Time = Oct 16 2013 13:19:51
** LTP1444
* ds
# nquan = 11                                
# nvalues = 5707                        
# units = specified
# name 0 = timeS: Time, Elapsed [seconds]
# name 1 = prSM: Pressure, Strain Gauge [db]
# name 2 = t090C: Temperature [ITS-90, deg C]
# name 3 = c0uS/cm: Conductivity [uS/cm]
# name 4 = depFM: Depth [fresh water, m], lat = 0
# name 5 = accM: Acceleration [m/s^2], WS = 2
# name 6 = density00: Density [density, kg/m^3]
# name 7 = dz/dtM: Descent Rate [m/s], WS = 2
# name 8 = sal00: Salinity, Practical [PSU]
# name 9 = specc: Specific Conductance [uS/cm]
# name 10 = flag: flag
# span 0 =      0.000,    713.250       
# span 1 =     -4.571,    150.124       
# span 2 =     5.2170,    14.1137       
# span 3 =   0.050754,  79.285942       
# span 4 =     -4.661,    153.084       
# span 5 =      -0.27,       0.44       
# span 6 =   999.2144,  1000.7325       
# span 7 =     -0.708,      0.577       
# span 8 =     0.0070,     0.0501       
# span 9 = -1.548e-24,    103.602       
# span 10 = 0.0000e+00, 0.0000e+00      
# interval = seconds: 0.125
# start_time = Oct 16 2013 13:19:51 [System UpLoad Time]
# bad_flag = -9.990e-29
*END*
[from data line 375]
300.375000 , 69.645000 , 5.515600 , 57.760656 , 76.097000 , 0.030000 , 1000.331400 , 0.516000 , 0.042300 , 94.637000 , 0.000000
300.750000 , 69.842000 , 5.513800 , 57.775396 , 76.298000 , 0.040000 , 1000.332400 , 0.529000 , 0.042300 , 94.667000 , 0.000000
301.125000 , 70.052000 , 5.511400 , 57.801551 , 76.512000 , 0.030000 , 1000.333600 , 0.542000 , 0.042300 , 94.717000 , 0.000000
301.500000 , 70.254000 , 5.508500 , 57.844251 , 76.718000 , 0.000000 , 1000.334600 , 0.546000 , 0.042400 , 94.796000 , 0.000000
301.875000 , 70.461000 , 5.506800 , 57.871440 , 76.929000 , -0.030000 , 1000.335700 , 0.539000 , 0.042400 , 94.844000 , 0.000000
302.187500 , 70.630000 , 5.505550 , 57.820553 , 77.101500 , -0.030000 , 1000.336550 , 0.530000 , 0.042350 , 94.766500 , 0.000000
302.500000 , 70.797000 , 5.504000 , 57.689941 , 77.272000 , -0.020000 , 1000.337300 , 0.522000 , 0.042300 , 94.557000 , 0.000000
302.937500 , 71.016500 , 5.502350 , 57.724146 , 77.496000 , 0.005000 , 1000.338450 , 0.520000 , 0.042300 , 94.618500 , 0.000000
303.375000 , 71.238000 , 5.501000 , 57.798678 , 77.722000 , 0.040000 , 1000.339600 , 0.533000 , 0.042300 , 94.745000 , 0.000000
303.687500 , 71.409000 , 5.500150 , 57.830959 , 77.896000 , 0.050000 , 1000.340500 , 0.549500 , 0.042400 , 94.800000 , 0.000000
304.000000 , 71.586000 , 5.499500 , 57.768109 , 78.076000 , 0.040000 , 1000.341400 , 0.564000 , 0.042300 , 94.699000 , 0.000000
304.375000 , 71.805000 , 5.497500 , 57.807963 , 78.300000 , 0.010000 , 1000.342500 , 0.573000 , 0.042300 , 94.771000 , 0.000000
304.750000 , 72.021000 , 5.495400 , 57.802818 , 78.520000 , -0.010000 , 1000.343600 , 0.571000 , 0.042300 , 94.769000 , 0.000000
305.062500 , 72.199000 , 5.493550 , 57.747926 , 78.701500 , -0.035000 , 1000.344500 , 0.560500 , 0.042300 , 94.684500 , 0.000000
305.375000 , 72.377000 , 5.492500 , 57.776805 , 78.883000 , -0.050000 , 1000.345400 , 0.547000 , 0.042300 , 94.735000 , 0.000000
305.750000 , 72.578000 , 5.492400 , 57.746110 , 79.088000 , -0.040000 , 1000.346400 , 0.532000 , 0.042300 , 94.686000 , 0.000000
306.125000 , 72.771000 , 5.491700 , 57.742310 , 79.285000 , -0.020000 , 1000.347300 , 0.523000 , 0.042300 , 94.680000 , 0.000000
306.500000 , 72.960000 , 5.490300 , 57.771157 , 79.477000 , 0.010000 , 1000.348300 , 0.523000 , 0.042300 , 94.733000 , 0.000000
306.875000 , 73.159000 , 5.489600 , 57.917373 , 79.680000 , 0.030000 , 1000.349400 , 0.534000 , 0.042400 , 94.975000 , 0.000000
307.250000 , 73.361000 , 5.489200 , 57.750700 , 79.886000 , 0.020000 , 1000.350300 , 0.544000 , 0.042300 , 94.703000 , 0.000000
307.625000 , 73.571000 , 5.488100 , 57.688143 , 80.101000 , -0.010000 , 1000.351300 , 0.543000 , 0.042300 , 94.604000 , 0.000000
308.000000 , 73.782000 , 5.488100 , 57.705502 , 80.316000 , -0.020000 , 1000.352400 , 0.537000 , 0.042300 , 94.632000 , 0.000000
308.375000 , 73.972000 , 5.486800 , 57.717289 , 80.509000 , -0.010000 , 1000.353300 , 0.533000 , 0.042300 , 94.655000 , 0.000000
308.750000 , 74.165000 , 5.485600 , 57.691359 , 80.706000 , 0.020000 , 1000.354300 , 0.535000 , 0.042300 , 94.617000 , 0.000000
309.125000 , 74.370000 , 5.484500 , 57.708319 , 80.915000 , 0.040000 , 1000.355300 , 0.549000 , 0.042300 , 94.648000 , 0.000000
309.437500 , 74.545500 , 5.484600 , 57.705081 , 81.094000 , 0.035000 , 1000.356200 , 0.560000 , 0.042300 , 94.642000 , 0.000000
309.750000 , 74.723000 , 5.484800 , 57.727510 , 81.275000 , 0.000000 , 1000.357100 , 0.564000 , 0.042300 , 94.678000 , 0.000000
310.125000 , 74.940000 , 5.483200 , 57.750879 , 81.497000 , -0.020000 , 1000.358200 , 0.559000 , 0.042300 , 94.722000 , 0.000000
310.500000 , 75.150000 , 5.481500 , 57.730823 , 81.711000 , -0.040000 , 1000.359200 , 0.546000 , 0.042300 , 94.697000 , 0.000000
310.875000 , 75.350000 , 5.478900 , 57.780106 , 81.915000 , -0.030000 , 1000.360300 , 0.533000 , 0.042300 , 94.783000 , 0.000000
311.250000 , 75.542000 , 5.478400 , 57.773741 , 82.110000 , -0.020000 , 1000.361300 , 0.522000 , 0.042300 , 94.774000 , 0.000000
311.625000 , 75.738000 , 5.478300 , 57.711463 , 82.310000 , 0.000000 , 1000.362200 , 0.520000 , 0.042300 , 94.672000 , 0.000000
312.000000 , 75.932000 , 5.477400 , 57.811197 , 82.508000 , 0.010000 , 1000.363200 , 0.523000 , 0.042400 , 94.839000 , 0.000000
312.375000 , 76.127000 , 5.476300 , 57.757448 , 82.707000 , 0.010000 , 1000.364200 , 0.527000 , 0.042300 , 94.755000 , 0.000000
312.750000 , 76.329000 , 5.474800 , 57.792366 , 82.913000 , 0.010000 , 1000.365200 , 0.530000 , 0.042400 , 94.816000 , 0.000000
313.125000 , 76.526000 , 5.473400 , 57.714944 , 83.114000 , -0.010000 , 1000.366200 , 0.528000 , 0.042300 , 94.693000 , 0.000000
313.500000 , 76.730000 , 5.472000 , 57.731110 , 83.322000 , -0.030000 , 1000.367200 , 0.517000 , 0.042300 , 94.724000 , 0.000000
313.875000 , 76.921000 , 5.470700 , 57.807688 , 83.517000 , -0.010000 , 1000.368200 , 0.510000 , 0.042400 , 94.854000 , 0.000000
314.250000 , 77.103000 , 5.469500 , 57.697919 , 83.702000 , 0.010000 , 1000.369100 , 0.511000 , 0.042300 , 94.677000 , 0.000000
314.625000 , 77.291000 , 5.468300 , 57.612829 , 83.894000 , 0.040000 , 1000.370000 , 0.523000 , 0.042200 , 94.541000 , 0.000000
315.000000 , 77.493000 , 5.466600 , 57.568343 , 84.100000 , 0.060000 , 1000.371000 , 0.544000 , 0.042200 , 94.474000 , 0.000000
315.375000 , 77.704000 , 5.465500 , 57.721927 , 84.315000 , 0.020000 , 1000.372200 , 0.558000 , 0.042300 , 94.729000 , 0.000000
315.687500 , 77.882500 , 5.465000 , 57.547079 , 84.497000 , -0.015000 , 1000.372950 , 0.557000 , 0.042200 , 94.443500 , 0.000000
316.000000 , 78.064000 , 5.464400 , 57.669168 , 84.682000 , -0.030000 , 1000.373900 , 0.549000 , 0.042300 , 94.646000 , 0.000000
316.375000 , 78.264000 , 5.463500 , 57.632367 , 84.886000 , -0.040000 , 1000.374900 , 0.535000 , 0.042200 , 94.588000 , 0.000000
316.750000 , 78.457000 , 5.462800 , 57.665267 , 85.083000 , -0.030000 , 1000.375900 , 0.524000 , 0.042300 , 94.646000 , 0.000000
317.125000 , 78.650000 , 5.460700 , 57.669504 , 85.280000 , -0.010000 , 1000.376900 , 0.518000 , 0.042300 , 94.658000 , 0.000000
317.500000 , 78.848000 , 5.459600 , 57.705367 , 85.482000 , -0.010000 , 1000.377900 , 0.515000 , 0.042300 , 94.720000 , 0.000000
317.875000 , 79.042000 , 5.457500 , 57.690959 , 85.679000 , -0.000000 , 1000.378900 , 0.513000 , 0.042300 , 94.704000 , 0.000000
318.312500 , 79.259000 , 5.453450 , 57.710951 , 85.900500 , 0.010000 , 1000.380100 , 0.514500 , 0.042300 , 94.750500 , 0.000000
318.750000 , 79.484000 , 5.448900 , 57.645557 , 86.130000 , -0.000000 , 1000.381300 , 0.517000 , 0.042300 , 94.651000 , 0.000000
319.062500 , 79.653000 , 5.446250 , 57.687702 , 86.302500 , -0.015000 , 1000.382200 , 0.515000 , 0.042300 , 94.733000 , 0.000000
319.437500 , 79.850000 , 5.445050 , 57.674677 , 86.503500 , -0.010000 , 1000.383150 , 0.509500 , 0.042300 , 94.715000 , 0.000000
319.875000 , 80.063000 , 5.444100 , 57.739285 , 86.721000 , 0.010000 , 1000.384300 , 0.511000 , 0.042300 , 94.823000 , 0.000000
320.250000 , 80.245000 , 5.442700 , 57.629874 , 86.906000 , 0.050000 , 1000.385100 , 0.526000 , 0.042300 , 94.649000 , 0.000000
320.625000 , 80.453000 , 5.441400 , 57.583273 , 87.118000 , 0.070000 , 1000.386200 , 0.550000 , 0.042200 , 94.576000 , 0.000000
320.937500 , 80.631500 , 5.440200 , 57.660032 , 87.300000 , 0.055000 , 1000.387100 , 0.568000 , 0.042300 , 94.706000 , 0.000000
321.250000 , 80.815000 , 5.438900 , 57.636347 , 87.487000 , 0.010000 , 1000.388000 , 0.576000 , 0.042300 , 94.670000 , 0.000000
321.625000 , 81.034000 , 5.437400 , 57.585561 , 87.711000 , -0.020000 , 1000.389100 , 0.572000 , 0.042200 , 94.593000 , 0.000000
321.937500 , 81.214000 , 5.436400 , 57.554531 , 87.894500 , -0.050000 , 1000.390000 , 0.558500 , 0.042200 , 94.545000 , 0.000000
322.250000 , 81.388000 , 5.435300 , 57.613718 , 88.072000 , -0.060000 , 1000.390900 , 0.539000 , 0.042200 , 94.644000 , 0.000000
322.687500 , 81.617500 , 5.433300 , 57.545526 , 88.306000 , -0.045000 , 1000.392050 , 0.515500 , 0.042200 , 94.543000 , 0.000000
323.125000 , 81.830000 , 5.429600 , 57.574321 , 88.522000 , -0.000000 , 1000.393200 , 0.508000 , 0.042200 , 94.598000 , 0.000000
323.500000 , 82.016000 , 5.427300 , 57.624999 , 88.712000 , 0.040000 , 1000.394200 , 0.516000 , 0.042300 , 94.687000 , 0.000000
323.875000 , 82.215000 , 5.425900 , 57.596015 , 88.915000 , 0.050000 , 1000.395200 , 0.535000 , 0.042200 , 94.645000 , 0.000000
324.250000 , 82.418000 , 5.424800 , 57.583270 , 89.122000 , 0.020000 , 1000.396200 , 0.548000 , 0.042200 , 94.628000 , 0.000000
324.562500 , 82.597500 , 5.423400 , 57.637354 , 89.305000 , -0.015000 , 1000.397150 , 0.547500 , 0.042300 , 94.721000 , 0.000000
324.875000 , 82.775000 , 5.422500 , 57.685169 , 89.486000 , -0.030000 , 1000.398100 , 0.539000 , 0.042300 , 94.803000 , 0.000000
325.250000 , 82.973000 , 5.421400 , 57.636246 , 89.688000 , -0.040000 , 1000.399000 , 0.524000 , 0.042300 , 94.726000 , 0.000000
325.625000 , 83.159000 , 5.421400 , 57.518654 , 89.878000 , -0.030000 , 1000.399900 , 0.511000 , 0.042200 , 94.533000 , 0.000000
326.062500 , 83.379000 , 5.420900 , 57.558842 , 90.102000 , 0.015000 , 1000.401000 , 0.512000 , 0.042200 , 94.600000 , 0.000000
326.500000 , 83.604000 , 5.420100 , 57.595642 , 90.331000 , 0.030000 , 1000.402100 , 0.525000 , 0.042200 , 94.663000 , 0.000000
326.812500 , 83.770000 , 5.419000 , 57.615689 , 90.500500 , 0.030000 , 1000.403000 , 0.534500 , 0.042250 , 94.699500 , 0.000000
327.125000 , 83.941000 , 5.417400 , 57.616235 , 90.675000 , 0.020000 , 1000.403900 , 0.541000 , 0.042300 , 94.705000 , 0.000000
327.500000 , 84.148000 , 5.413700 , 57.589034 , 90.886000 , -0.010000 , 1000.405000 , 0.541000 , 0.042200 , 94.672000 , 0.000000
327.875000 , 84.352000 , 5.411800 , 57.669317 , 91.094000 , -0.020000 , 1000.406100 , 0.535000 , 0.042300 , 94.810000 , 0.000000
328.250000 , 84.551000 , 5.410500 , 57.715108 , 91.297000 , -0.020000 , 1000.407100 , 0.529000 , 0.042300 , 94.891000 , 0.000000
328.625000 , 84.743000 , 5.409300 , 57.670419 , 91.493000 , -0.020000 , 1000.408000 , 0.521000 , 0.042300 , 94.820000 , 0.000000
329.000000 , 84.942000 , 5.406500 , 57.552188 , 91.696000 , -0.000000 , 1000.409000 , 0.517000 , 0.042200 , 94.636000 , 0.000000
329.375000 , 85.132000 , 5.404600 , 57.490649 , 91.889000 , 0.010000 , 1000.410000 , 0.520000 , 0.042200 , 94.539000 , 0.000000
329.750000 , 85.323000 , 5.403200 , 57.575431 , 92.084000 , 0.020000 , 1000.411000 , 0.526000 , 0.042200 , 94.682000 , 0.000000
330.125000 , 85.524000 , 5.401200 , 57.555410 , 92.289000 , 0.010000 , 1000.412000 , 0.532000 , 0.042200 , 94.656000 , 0.000000
330.500000 , 85.729000 , 5.399300 , 57.507743 , 92.498000 , -0.010000 , 1000.413000 , 0.532000 , 0.042200 , 94.583000 , 0.000000
330.875000 , 85.933000 , 5.398400 , 57.556359 , 92.706000 , -0.010000 , 1000.414100 , 0.528000 , 0.042200 , 94.666000 , 0.000000
331.250000 , 86.123000 , 5.397700 , 57.546856 , 92.900000 , -0.010000 , 1000.415000 , 0.523000 , 0.042200 , 94.652000 , 0.000000
331.625000 , 86.315000 , 5.396900 , 57.522377 , 93.096000 , 0.010000 , 1000.416000 , 0.524000 , 0.042200 , 94.615000 , 0.000000
332.000000 , 86.514000 , 5.396400 , 57.553693 , 93.299000 , 0.040000 , 1000.417000 , 0.535000 , 0.042200 , 94.668000 , 0.000000
332.375000 , 86.716000 , 5.396400 , 57.531177 , 93.505000 , 0.020000 , 1000.417900 , 0.546000 , 0.042200 , 94.631000 , 0.000000
332.750000 , 86.924000 , 5.396000 , 57.518418 , 93.717000 , 0.000000 , 1000.419000 , 0.548000 , 0.042200 , 94.611000 , 0.000000
333.062500 , 87.101500 , 5.395650 , 57.594943 , 93.898000 , -0.015000 , 1000.419900 , 0.544500 , 0.042250 , 94.738500 , 0.000000
333.375000 , 87.271000 , 5.395200 , 57.635072 , 94.071000 , -0.020000 , 1000.420800 , 0.537000 , 0.042300 , 94.805000 , 0.000000
333.750000 , 87.467000 , 5.394200 , 57.568400 , 94.270000 , -0.010000 , 1000.421700 , 0.532000 , 0.042200 , 94.699000 , 0.000000
334.125000 , 87.659000 , 5.393900 , 57.463018 , 94.466000 , 0.020000 , 1000.422600 , 0.535000 , 0.042200 , 94.526000 , 0.000000
334.500000 , 87.862000 , 5.393700 , 57.522829 , 94.673000 , 0.020000 , 1000.423600 , 0.543000 , 0.042200 , 94.625000 , 0.000000
334.875000 , 88.072000 , 5.393300 , 57.477954 , 94.887000 , 0.010000 , 1000.424600 , 0.549000 , 0.042200 , 94.553000 , 0.000000
335.250000 , 88.281000 , 5.392600 , 57.459354 , 95.101000 , 0.000000 , 1000.425700 , 0.550000 , 0.042200 , 94.525000 , 0.000000
335.625000 , 88.484000 , 5.390400 , 57.615310 , 95.308000 , -0.020000 , 1000.426800 , 0.544000 , 0.042300 , 94.790000 , 0.000000
336.000000 , 88.688000 , 5.388400 , 57.598274 , 95.516000 , -0.030000 , 1000.427800 , 0.535000 , 0.042300 , 94.766000 , 0.000000
336.375000 , 88.890000 , 5.383900 , 57.549580 , 95.722000 , -0.030000 , 1000.428900 , 0.522000 , 0.042200 , 94.700000 , 0.000000
336.750000 , 89.083000 , 5.380900 , 57.442627 , 95.918000 , -0.020000 , 1000.429900 , 0.514000 , 0.042200 , 94.533000 , 0.000000
337.125000 , 89.266000 , 5.380100 , 57.483840 , 96.105000 , -0.000000 , 1000.430800 , 0.512000 , 0.042200 , 94.604000 , 0.000000
337.500000 , 89.459000 , 5.380000 , 57.505484 , 96.302000 , 0.030000 , 1000.431800 , 0.518000 , 0.042200 , 94.640000 , 0.000000
337.875000 , 89.656000 , 5.379100 , 57.483697 , 96.503000 , 0.040000 , 1000.432700 , 0.531000 , 0.042200 , 94.608000 , 0.000000
338.250000 , 89.857000 , 5.377100 , 57.544147 , 96.708000 , 0.020000 , 1000.433800 , 0.542000 , 0.042200 , 94.712000 , 0.000000
338.625000 , 90.064000 , 5.372600 , 57.562101 , 96.919000 , 0.010000 , 1000.435000 , 0.546000 , 0.042300 , 94.760000 , 0.000000
339.000000 , 90.272000 , 5.369100 , 57.484030 , 97.131000 , -0.010000 , 1000.436000 , 0.544000 , 0.042200 , 94.642000 , 0.000000
339.312500 , 90.442500 , 5.366150 , 57.546183 , 97.304500 , -0.010000 , 1000.437000 , 0.541000 , 0.042250 , 94.749500 , 0.000000
339.625000 , 90.609000 , 5.363700 , 57.626492 , 97.474000 , -0.020000 , 1000.437900 , 0.536000 , 0.042300 , 94.890000 , 0.000000
340.000000 , 90.807000 , 5.361800 , 57.450126 , 97.676000 , -0.000000 , 1000.438800 , 0.533000 , 0.042200 , 94.605000 , 0.000000
340.375000 , 91.009000 , 5.361200 , 57.433105 , 97.882000 , 0.010000 , 1000.439800 , 0.535000 , 0.042200 , 94.579000 , 0.000000
340.750000 , 91.204000 , 5.361000 , 57.448771 , 98.081000 , -0.000000 , 1000.440800 , 0.536000 , 0.042200 , 94.605000 , 0.000000
341.125000 , 91.413000 , 5.360300 , 57.437168 , 98.294000 , -0.000000 , 1000.441800 , 0.534000 , 0.042200 , 94.589000 , 0.000000
341.500000 , 91.611000 , 5.359100 , 57.495788 , 98.496000 , -0.010000 , 1000.442800 , 0.533000 , 0.042200 , 94.690000 , 0.000000
341.875000 , 91.807000 , 5.358200 , 57.424443 , 98.696000 , -0.040000 , 1000.443800 , 0.521000 , 0.042200 , 94.575000 , 0.000000
342.250000 , 92.010000 , 5.357500 , 57.454839 , 98.903000 , -0.020000 , 1000.444800 , 0.509000 , 0.042200 , 94.626000 , 0.000000
342.625000 , 92.193000 , 5.357300 , 57.538526 , 99.090000 , 0.000000 , 1000.445700 , 0.507000 , 0.042200 , 94.765000 , 0.000000
343.000000 , 92.370000 , 5.357000 , 57.540273 , 99.270000 , 0.030000 , 1000.446600 , 0.515000 , 0.042200 , 94.769000 , 0.000000
343.375000 , 92.568000 , 5.356500 , 57.572604 , 99.472000 , 0.060000 , 1000.447600 , 0.534000 , 0.042300 , 94.823000 , 0.000000
343.750000 , 92.778000 , 5.355700 , 57.525958 , 99.686000 , 0.050000 , 1000.448600 , 0.555000 , 0.042200 , 94.749000 , 0.000000
344.125000 , 92.993000 , 5.355700 , 57.465678 , 99.905000 , 0.010000 , 1000.449700 , 0.562000 , 0.042200 , 94.650000 , 0.000000
344.500000 , 93.206000 , 5.356100 , 57.457238 , 100.123000 , -0.030000 , 1000.450700 , 0.556000 , 0.042200 , 94.634000 , 0.000000
344.812500 , 93.380500 , 5.356300 , 57.385286 , 100.300500 , -0.055000 , 1000.451500 , 0.539500 , 0.042100 , 94.515500 , 0.000000
345.125000 , 93.551000 , 5.355900 , 57.443925 , 100.474000 , -0.050000 , 1000.452400 , 0.523000 , 0.042200 , 94.613000 , 0.000000
