analysis/ctd/LTP1444_down.txt
* Sea-Bird SBE25 Data File:
* FileName = C:\Documents and Settings\Field User\Desktop\LTP1444.hex
* Software Version 1.59
* Temperature SN = 2360
* Conductivity SN = 2021
* System UpLoad Time = Oct 16 2013 13:19:51
** LTP1444
* ds
# nquan = 11                                
# nvalues = 5707                        
# units = specified
# name 0 = timeS: Time, Elapsed [seconds]
# name 1 = prSM: Pressure, Strain Gauge [db]
# name 2 = t090C: Temperature [ITS-90, deg C]
# name 3 = c0uS/cm: Conductivity [uS/cm]
# name 4 = depFM: Depth [fresh water, m], lat = 0
# name 5 = accM: Acceleration [m/s^2], WS = 2
# name 6 = density00: Density [density, kg/m^3]
# name 7 = dz/dtM: Descent Rate [m/s], WS = 2
# name 8 = sal00: Salinity, Practical [PSU]
# name 9 = specc: Specific Conductance [uS/cm]
# name 10 = flag: flag
# span 0 =      0.000,    713.250       
# span 1 =     -4.571,    150.124       
# span 2 =     5.2170,    14.1137       
# span 3 =   0.050754,  79.285942       
# span 4 =     -4.661,    153.084       
# span 5 =      -0.27,       0.44       
# span 6 =   999.2144,  1000.7325       
# span 7 =     -0.708,      0.577       
# span 8 =     0.0070,     0.0501       
# span 9 = -1.548e-24,    103.602       
# span 10 = 0.0000e+00, 0.0000e+00      
# interval = seconds: 0.125
# start_time = Oct 16 2013 13:19:51 [System UpLoad Time]
# bad_flag = -9.990e-29
*END*
[from data line 250]
252.500000 , 45.131000 , 6.543600 , 60.177952 , 51.100000 , -0.030000 , 1000.178100 , 0.469000 , 0.043300 , 95.384000 , 0.000000
252.937500 , 45.329500 , 6.513950 , 60.086433 , 51.302000 , 0.005000 , 1000.180200 , 0.465500 , 0.043200 , 95.328000 , 0.000000
253.375000 , 45.534000 , 6.492700 , 60.158641 , 51.511000 , 0.020000 , 1000.182100 , 0.473000 , 0.043300 , 95.507000 , 0.000000
253.750000 , 45.715000 , 6.466800 , 60.021937 , 51.695000 , 0.010000 , 1000.183900 , 0.480000 , 0.043200 , 95.365000 , 0.000000
254.125000 , 45.897000 , 6.454800 , 59.995413 , 51.881000 , 0.000000 , 1000.185300 , 0.481000 , 0.043200 , 95.368000 , 0.000000
254.562500 , 46.109000 , 6.440500 , 60.013171 , 52.097000 , -0.010000 , 1000.186950 , 0.476000 , 0.043200 , 95.441500 , 0.000000
255.000000 , 46.315000 , 6.425200 , 59.932527 , 52.307000 , -0.030000 , 1000.188500 , 0.466000 , 0.043200 , 95.353000 , 0.000000
255.375000 , 46.489000 , 6.408600 , 59.870964 , 52.485000 , -0.020000 , 1000.190000 , 0.457000 , 0.043100 , 95.296000 , 0.000000
255.812500 , 46.686000 , 6.389700 , 59.817813 , 52.685500 , -0.005000 , 1000.191650 , 0.450000 , 0.043100 , 95.285500 , 0.000000
256.312500 , 46.906000 , 6.369550 , 59.920806 , 52.909500 , 0.015000 , 1000.193550 , 0.453000 , 0.043200 , 95.503500 , 0.000000
256.750000 , 47.105000 , 6.357600 , 59.927851 , 53.113000 , 0.030000 , 1000.195000 , 0.462000 , 0.043200 , 95.551000 , 0.000000
257.125000 , 47.283000 , 6.350300 , 59.825684 , 53.294000 , 0.040000 , 1000.196100 , 0.476000 , 0.043200 , 95.410000 , 0.000000
257.562500 , 47.490500 , 6.324800 , 59.753221 , 53.506000 , 0.035000 , 1000.198050 , 0.492000 , 0.043100 , 95.359000 , 0.000000
258.000000 , 47.711000 , 6.302100 , 59.647895 , 53.731000 , 0.020000 , 1000.199900 , 0.502000 , 0.043100 , 95.292000 , 0.000000
258.375000 , 47.907000 , 6.283400 , 59.628811 , 53.931000 , -0.020000 , 1000.201600 , 0.499000 , 0.043100 , 95.293000 , 0.000000
258.750000 , 48.095000 , 6.250300 , 59.496718 , 54.122000 , -0.050000 , 1000.203600 , 0.483000 , 0.043000 , 95.207000 , 0.000000
259.125000 , 48.275000 , 6.227500 , 59.596257 , 54.306000 , -0.040000 , 1000.205400 , 0.466000 , 0.043100 , 95.418000 , 0.000000
259.562500 , 48.462000 , 6.200000 , 59.613656 , 54.496500 , -0.015000 , 1000.207400 , 0.454500 , 0.043150 , 95.530000 , 0.000000
260.000000 , 48.663000 , 6.179000 , 59.476674 , 54.701000 , 0.010000 , 1000.209000 , 0.456000 , 0.043000 , 95.375000 , 0.000000
260.437500 , 48.865000 , 6.138600 , 59.428740 , 54.907500 , 0.030000 , 1000.211400 , 0.468500 , 0.043000 , 95.411500 , 0.000000
260.875000 , 49.070000 , 6.119000 , 59.383912 , 55.116000 , 0.010000 , 1000.213100 , 0.476000 , 0.043000 , 95.410000 , 0.000000
261.250000 , 49.253000 , 6.115100 , 59.423998 , 55.303000 , -0.000000 , 1000.214200 , 0.478000 , 0.043100 , 95.486000 , 0.000000
261.625000 , 49.434000 , 6.103900 , 59.308416 , 55.488000 , -0.030000 , 1000.215400 , 0.469000 , 0.043000 , 95.335000 , 0.000000
262.062500 , 49.642000 , 6.095100 , 59.245142 , 55.699500 , -0.030000 , 1000.216650 , 0.453500 , 0.042900 , 95.257000 , 0.000000
262.562500 , 49.853000 , 6.083400 , 59.106086 , 55.914500 , 0.015000 , 1000.218000 , 0.451000 , 0.042850 , 95.066500 , 0.000000
263.000000 , 50.048000 , 6.078800 , 59.199169 , 56.114000 , 0.040000 , 1000.219200 , 0.464000 , 0.042900 , 95.236000 , 0.000000
263.375000 , 50.231000 , 6.057300 , 59.254145 , 56.300000 , 0.060000 , 1000.220800 , 0.485000 , 0.043000 , 95.371000 , 0.000000
263.750000 , 50.418000 , 6.038900 , 59.288398 , 56.491000 , 0.030000 , 1000.222400 , 0.500000 , 0.043000 , 95.481000 , 0.000000
264.125000 , 50.607000 , 6.024800 , 59.297946 , 56.684000 , -0.010000 , 1000.223800 , 0.501000 , 0.043000 , 95.561000 , 0.000000
264.500000 , 50.800000 , 6.011500 , 59.109466 , 56.881000 , -0.030000 , 1000.225100 , 0.494000 , 0.042900 , 95.307000 , 0.000000
264.937500 , 51.013000 , 5.983850 , 59.134489 , 57.097500 , -0.050000 , 1000.227100 , 0.475000 , 0.042900 , 95.418000 , 0.000000
265.375000 , 51.217000 , 5.964400 , 59.115367 , 57.306000 , -0.030000 , 1000.228700 , 0.457000 , 0.043000 , 95.453000 , 0.000000
265.812500 , 51.406500 , 5.949600 , 59.028752 , 57.499000 , 0.000000 , 1000.230050 , 0.452000 , 0.042900 , 95.357000 , 0.000000
266.250000 , 51.603000 , 5.932100 , 59.012466 , 57.699000 , 0.030000 , 1000.231600 , 0.460000 , 0.042900 , 95.386000 , 0.000000
266.687500 , 51.806000 , 5.915650 , 58.875540 , 57.906500 , 0.050000 , 1000.233050 , 0.480000 , 0.042800 , 95.218000 , 0.000000
267.125000 , 52.022000 , 5.906000 , 58.855337 , 58.127000 , 0.030000 , 1000.234400 , 0.498000 , 0.042800 , 95.212000 , 0.000000
267.500000 , 52.214000 , 5.892800 , 58.829257 , 58.322000 , 0.010000 , 1000.235700 , 0.506000 , 0.042800 , 95.198000 , 0.000000
267.875000 , 52.409000 , 5.882800 , 58.851921 , 58.521000 , -0.010000 , 1000.237000 , 0.504000 , 0.042800 , 95.278000 , 0.000000
268.250000 , 52.597000 , 5.874800 , 58.852033 , 58.713000 , -0.020000 , 1000.238200 , 0.497000 , 0.042800 , 95.303000 , 0.000000
268.625000 , 52.780000 , 5.869400 , 58.875620 , 58.900000 , 0.000000 , 1000.239300 , 0.495000 , 0.042900 , 95.358000 , 0.000000
269.000000 , 52.958000 , 5.865000 , 58.768643 , 59.081000 , 0.010000 , 1000.240200 , 0.499000 , 0.042800 , 95.198000 , 0.000000
269.375000 , 53.150000 , 5.862000 , 58.731887 , 59.277000 , 0.020000 , 1000.241200 , 0.506000 , 0.042800 , 95.151000 , 0.000000
269.750000 , 53.346000 , 5.859200 , 58.759807 , 59.477000 , 0.030000 , 1000.242300 , 0.518000 , 0.042800 , 95.202000 , 0.000000
270.125000 , 53.536000 , 5.854500 , 58.695478 , 59.671000 , 0.030000 , 1000.243300 , 0.529000 , 0.042700 , 95.108000 , 0.000000
270.500000 , 53.735000 , 5.851300 , 58.727273 , 59.873000 , 0.030000 , 1000.244400 , 0.539000 , 0.042800 , 95.178000 , 0.000000
270.875000 , 53.942000 , 5.846300 , 58.714877 , 60.085000 , 0.010000 , 1000.245600 , 0.545000 , 0.042800 , 95.169000 , 0.000000
271.250000 , 54.155000 , 5.840400 , 58.622711 , 60.302000 , -0.020000 , 1000.246800 , 0.542000 , 0.042700 , 95.038000 , 0.000000
271.625000 , 54.357000 , 5.833100 , 58.542588 , 60.508000 , -0.040000 , 1000.247900 , 0.529000 , 0.042600 , 94.922000 , 0.000000
272.000000 , 54.550000 , 5.823600 , 58.642914 , 60.705000 , -0.040000 , 1000.249200 , 0.514000 , 0.042700 , 95.122000 , 0.000000
272.375000 , 54.736000 , 5.807000 , 58.577214 , 60.894000 , -0.020000 , 1000.250600 , 0.504000 , 0.042700 , 95.067000 , 0.000000
272.750000 , 54.925000 , 5.794900 , 58.549909 , 61.087000 , -0.010000 , 1000.251900 , 0.500000 , 0.042700 , 95.060000 , 0.000000
273.125000 , 55.112000 , 5.785700 , 58.614028 , 61.278000 , -0.000000 , 1000.253100 , 0.498000 , 0.042700 , 95.193000 , 0.000000
273.562500 , 55.331500 , 5.776150 , 58.675387 , 61.501500 , -0.015000 , 1000.254500 , 0.494000 , 0.042800 , 95.321500 , 0.000000
274.000000 , 55.545000 , 5.758500 , 58.560905 , 61.719000 , -0.030000 , 1000.256000 , 0.482000 , 0.042700 , 95.169000 , 0.000000
274.375000 , 55.728000 , 5.742300 , 58.515166 , 61.906000 , -0.000000 , 1000.257400 , 0.476000 , 0.042700 , 95.166000 , 0.000000
274.812500 , 55.923500 , 5.736200 , 58.475597 , 62.105000 , 0.055000 , 1000.258500 , 0.490500 , 0.042650 , 95.121000 , 0.000000
275.250000 , 56.136000 , 5.731200 , 58.376726 , 62.322000 , 0.080000 , 1000.259600 , 0.521000 , 0.042600 , 94.978000 , 0.000000
275.562500 , 56.312500 , 5.728900 , 58.386001 , 62.502000 , 0.085000 , 1000.260600 , 0.547000 , 0.042600 , 94.997500 , 0.000000
275.875000 , 56.492000 , 5.727000 , 58.387330 , 62.685000 , 0.050000 , 1000.261500 , 0.567000 , 0.042600 , 95.006000 , 0.000000
276.250000 , 56.710000 , 5.725600 , 58.370000 , 62.907000 , -0.010000 , 1000.262600 , 0.570000 , 0.042600 , 94.982000 , 0.000000
276.625000 , 56.927000 , 5.724800 , 58.356407 , 63.128000 , -0.030000 , 1000.263700 , 0.559000 , 0.042600 , 94.963000 , 0.000000
276.937500 , 57.099500 , 5.723500 , 58.345124 , 63.304000 , -0.040000 , 1000.264550 , 0.548000 , 0.042600 , 94.947500 , 0.000000
277.250000 , 57.266000 , 5.721800 , 58.392095 , 63.474000 , -0.030000 , 1000.265400 , 0.537000 , 0.042600 , 95.027000 , 0.000000
277.625000 , 57.463000 , 5.713500 , 58.405052 , 63.675000 , -0.010000 , 1000.266700 , 0.531000 , 0.042600 , 95.076000 , 0.000000
278.000000 , 57.660000 , 5.698000 , 58.391752 , 63.876000 , -0.000000 , 1000.268100 , 0.529000 , 0.042600 , 95.095000 , 0.000000
278.375000 , 57.862000 , 5.687500 , 58.320525 , 64.082000 , 0.000000 , 1000.269300 , 0.530000 , 0.042600 , 95.019000 , 0.000000
278.750000 , 58.059000 , 5.680700 , 58.263859 , 64.283000 , -0.000000 , 1000.270400 , 0.529000 , 0.042500 , 94.948000 , 0.000000
279.125000 , 58.256000 , 5.675700 , 58.366598 , 64.484000 , -0.020000 , 1000.271600 , 0.525000 , 0.042600 , 95.131000 , 0.000000
279.500000 , 58.456000 , 5.667500 , 58.316841 , 64.688000 , -0.020000 , 1000.272800 , 0.517000 , 0.042600 , 95.075000 , 0.000000
279.875000 , 58.649000 , 5.660700 , 58.241845 , 64.884000 , -0.020000 , 1000.273900 , 0.511000 , 0.042500 , 94.974000 , 0.000000
280.312500 , 58.866500 , 5.655450 , 58.242887 , 65.106000 , 0.005000 , 1000.275100 , 0.508500 , 0.042550 , 94.988000 , 0.000000
280.750000 , 59.085000 , 5.649200 , 58.131627 , 65.329000 , 0.030000 , 1000.276300 , 0.518000 , 0.042500 , 94.825000 , 0.000000
281.062500 , 59.250500 , 5.645100 , 58.201047 , 65.498000 , 0.045000 , 1000.277250 , 0.529500 , 0.042500 , 94.955500 , 0.000000
281.375000 , 59.419000 , 5.639100 , 58.221159 , 65.670000 , 0.040000 , 1000.278300 , 0.544000 , 0.042500 , 95.003000 , 0.000000
281.750000 , 59.624000 , 5.631600 , 58.229848 , 65.879000 , 0.030000 , 1000.279500 , 0.556000 , 0.042600 , 95.051000 , 0.000000
282.125000 , 59.839000 , 5.625500 , 58.200346 , 66.098000 , -0.000000 , 1000.280700 , 0.558000 , 0.042500 , 95.020000 , 0.000000
282.500000 , 60.051000 , 5.620900 , 58.148831 , 66.314000 , -0.030000 , 1000.281800 , 0.549000 , 0.042500 , 94.945000 , 0.000000
282.875000 , 60.260000 , 5.616500 , 58.109084 , 66.527000 , -0.040000 , 1000.282900 , 0.536000 , 0.042500 , 94.894000 , 0.000000
283.250000 , 60.449000 , 5.613100 , 58.104782 , 66.720000 , -0.020000 , 1000.284000 , 0.526000 , 0.042500 , 94.898000 , 0.000000
283.625000 , 60.640000 , 5.609100 , 58.106851 , 66.915000 , -0.000000 , 1000.285000 , 0.524000 , 0.042500 , 94.913000 , 0.000000
284.000000 , 60.840000 , 5.606100 , 58.092129 , 67.119000 , 0.030000 , 1000.286100 , 0.531000 , 0.042500 , 94.899000 , 0.000000
284.375000 , 61.044000 , 5.602700 , 58.107604 , 67.327000 , 0.020000 , 1000.287200 , 0.540000 , 0.042500 , 94.936000 , 0.000000
284.687500 , 61.210000 , 5.599850 , 58.168545 , 67.495500 , 0.000000 , 1000.288100 , 0.542000 , 0.042500 , 95.043000 , 0.000000
285.000000 , 61.385000 , 5.597700 , 58.133817 , 67.674000 , -0.020000 , 1000.289000 , 0.538000 , 0.042500 , 94.993000 , 0.000000
285.375000 , 61.587000 , 5.595500 , 58.150958 , 67.880000 , -0.030000 , 1000.290100 , 0.528000 , 0.042500 , 95.025000 , 0.000000
285.750000 , 61.785000 , 5.593400 , 58.053277 , 68.082000 , -0.020000 , 1000.291000 , 0.520000 , 0.042500 , 94.876000 , 0.000000
286.187500 , 62.001000 , 5.592600 , 58.064983 , 68.302500 , 0.025000 , 1000.292150 , 0.523500 , 0.042500 , 94.895500 , 0.000000
286.562500 , 62.195500 , 5.592350 , 58.066139 , 68.501000 , 0.055000 , 1000.293050 , 0.540500 , 0.042500 , 94.899000 , 0.000000
286.875000 , 62.368000 , 5.592100 , 58.095896 , 68.677000 , 0.050000 , 1000.293900 , 0.558000 , 0.042500 , 94.948000 , 0.000000
287.250000 , 62.586000 , 5.591600 , 58.079560 , 68.899000 , 0.030000 , 1000.295000 , 0.571000 , 0.042500 , 94.923000 , 0.000000
287.625000 , 62.810000 , 5.590700 , 58.019115 , 69.127000 , -0.010000 , 1000.296100 , 0.573000 , 0.042400 , 94.827000 , 0.000000
287.937500 , 62.984500 , 5.588750 , 57.976691 , 69.305000 , -0.035000 , 1000.296950 , 0.565000 , 0.042400 , 94.764000 , 0.000000
288.250000 , 63.160000 , 5.584800 , 58.002180 , 69.484000 , -0.040000 , 1000.298000 , 0.552000 , 0.042400 , 94.818000 , 0.000000
288.625000 , 63.367000 , 5.582100 , 58.048469 , 69.695000 , -0.030000 , 1000.299100 , 0.538000 , 0.042500 , 94.902000 , 0.000000
289.000000 , 63.562000 , 5.580600 , 58.032444 , 69.894000 , -0.010000 , 1000.300100 , 0.531000 , 0.042500 , 94.884000 , 0.000000
289.375000 , 63.755000 , 5.577000 , 57.991883 , 70.091000 , 0.010000 , 1000.301100 , 0.531000 , 0.042400 , 94.822000 , 0.000000
289.750000 , 63.956000 , 5.574500 , 58.000886 , 70.296000 , 0.020000 , 1000.302100 , 0.539000 , 0.042400 , 94.844000 , 0.000000
290.125000 , 64.160000 , 5.571400 , 57.951004 , 70.504000 , 0.010000 , 1000.303200 , 0.546000 , 0.042400 , 94.776000 , 0.000000
290.500000 , 64.371000 , 5.568200 , 58.055581 , 70.719000 , -0.010000 , 1000.304400 , 0.547000 , 0.042500 , 94.957000 , 0.000000
290.875000 , 64.576000 , 5.563900 , 57.965779 , 70.928000 , -0.020000 , 1000.305400 , 0.540000 , 0.042400 , 94.823000 , 0.000000
291.187500 , 64.743500 , 5.560450 , 57.974006 , 71.099000 , -0.030000 , 1000.306350 , 0.532000 , 0.042400 , 94.847500 , 0.000000
291.562500 , 64.941000 , 5.557950 , 57.960409 , 71.300500 , -0.010000 , 1000.307400 , 0.524500 , 0.042400 , 94.831500 , 0.000000
292.000000 , 65.163000 , 5.555500 , 57.978108 , 71.527000 , 0.010000 , 1000.308500 , 0.526000 , 0.042400 , 94.869000 , 0.000000
292.375000 , 65.361000 , 5.554700 , 57.980392 , 71.729000 , 0.030000 , 1000.309500 , 0.535000 , 0.042400 , 94.876000 , 0.000000
292.687500 , 65.531500 , 5.553900 , 57.950952 , 71.902500 , 0.040000 , 1000.310350 , 0.547500 , 0.042400 , 94.829500 , 0.000000
293.000000 , 65.703000 , 5.553500 , 57.970518 , 72.077000 , 0.030000 , 1000.311200 , 0.557000 , 0.042400 , 94.863000 , 0.000000
293.375000 , 65.916000 , 5.553000 , 57.994780 , 72.295000 , -0.000000 , 1000.312300 , 0.560000 , 0.042400 , 94.903000 , 0.000000
293.750000 , 66.134000 , 5.549700 , 57.974927 , 72.517000 , -0.020000 , 1000.313400 , 0.555000 , 0.042400 , 94.882000 , 0.000000
294.125000 , 66.338000 , 5.548400 , 57.939268 , 72.725000 , -0.030000 , 1000.314500 , 0.544000 , 0.042400 , 94.828000 , 0.000000
294.500000 , 66.536000 , 5.548400 , 57.988184 , 72.927000 , -0.020000 , 1000.315500 , 0.535000 , 0.042400 , 94.908000 , 0.000000
294.875000 , 66.733000 , 5.547700 , 57.889062 , 73.128000 , -0.000000 , 1000.316400 , 0.533000 , 0.042400 , 94.748000 , 0.000000
295.187500 , 66.900000 , 5.547500 , 57.932980 , 73.298000 , 0.010000 , 1000.317200 , 0.534000 , 0.042400 , 94.820500 , 0.000000
295.500000 , 67.071000 , 5.547300 , 58.017498 , 73.472000 , 0.000000 , 1000.318100 , 0.535000 , 0.042500 , 94.959000 , 0.000000
295.875000 , 67.270000 , 5.546000 , 57.912412 , 73.675000 , -0.010000 , 1000.319100 , 0.532000 , 0.042400 , 94.791000 , 0.000000
296.250000 , 67.471000 , 5.542600 , 57.838256 , 73.880000 , -0.020000 , 1000.320100 , 0.524000 , 0.042300 , 94.680000 , 0.000000
296.625000 , 67.666000 , 5.540800 , 57.875126 , 74.079000 , -0.020000 , 1000.321100 , 0.514000 , 0.042400 , 94.746000 , 0.000000
297.062500 , 67.887000 , 5.537950 , 57.867304 , 74.304500 , 0.005000 , 1000.322250 , 0.512000 , 0.042400 , 94.739500 , 0.000000
297.500000 , 68.104000 , 5.532400 , 57.885182 , 74.526000 , 0.040000 , 1000.323500 , 0.524000 , 0.042400 , 94.788000 , 0.000000
297.812500 , 68.267000 , 5.530250 , 57.874092 , 74.692000 , 0.050000 , 1000.324350 , 0.538000 , 0.042400 , 94.777500 , 0.000000
298.125000 , 68.446000 , 5.528300 , 57.788367 , 74.874000 , 0.040000 , 1000.325200 , 0.553000 , 0.042300 , 94.643000 , 0.000000
298.500000 , 68.657000 , 5.526000 , 57.791950 , 75.090000 , 0.010000 , 1000.326300 , 0.561000 , 0.042300 , 94.658000 , 0.000000
298.875000 , 68.872000 , 5.524200 , 57.816335 , 75.309000 , -0.030000 , 1000.327400 , 0.554000 , 0.042300 , 94.702000 , 0.000000
299.250000 , 69.082000 , 5.522200 , 57.839879 , 75.523000 , -0.050000 , 1000.328500 , 0.536000 , 0.042400 , 94.746000 , 0.000000
299.625000 , 69.276000 , 5.520500 , 57.835501 , 75.721000 , -0.050000 , 1000.329500 , 0.517000 , 0.042400 , 94.747000 , 0.000000
