analysis/ctd/LTP1444_down.txt
* Sea-Bird SBE25 Data File:
* FileName = C:\Documents and Settings\Field User\Desktop\LTP1444.hex
* Software Version 1.59
* Temperature SN = 2360
* Conductivity SN = 2021
* System UpLoad Time = Oct 16 2013 13:19:51
** LTP1444
* ds
# nquan = 11                                
# nvalues = 5707                        
# units = specified
# name 0 = timeS: Time, Elapsed [seconds]
# name 1 = prSM: Pressure, Strain Gauge [db]
# name 2 = t090C: Temperature [ITS-90, deg C]
# name 3 = c0uS/cm: Conductivity [uS/cm]
# name 4 = depFM: Depth [fresh water, m], lat = 0
# name 5 = accM: Acceleration [m/s^2], WS = 2
# name 6 = density00: Density [density, kg/m^3]
# name 7 = dz/dtM: Descent Rate [m/s], WS = 2
# name 8 = sal00: Salinity, Practical [PSU]
# name 9 = specc: Specific Conductance [uS/cm]
# name 10 = flag: flag
# span 0 =      0.000,    713.250       
# span 1 =     -4.571,    150.124       
# span 2 =     5.2170,    14.1137       
# span 3 =   0.050754,  79.285942       
# span 4 =     -4.661,    153.084       
# span 5 =      -0.27,       0.44       
# span 6 =   999.2144,  1000.7325       
# span 7 =     -0.708,      0.577       
# span 8 =     0.0070,     0.0501       
# span 9 = -1.548e-24,    103.602       
# span 10 = 0.0000e+00, 0.0000e+00      
# interval = seconds: 0.125
# start_time = Oct 16 2013 13:19:51 [System UpLoad Time]
# bad_flag = -9.990e-29
*END*
[from data line 499]
346.000000 , 93.980000 , 5.355100 , 57.454503 , 100.912000 , 0.010000 , 1000.454500 , 0.502000 , 0.042200 , 94.633000 , 0.000000
346.375000 , 94.169000 , 5.354900 , 57.488331 , 101.105000 , 0.040000 , 1000.455500 , 0.515000 , 0.042200 , 94.689000 , 0.000000
346.750000 , 94.364000 , 5.354600 , 57.421395 , 101.303000 , 0.030000 , 1000.456400 , 0.528000 , 0.042200 , 94.580000 , 0.000000
347.125000 , 94.569000 , 5.354100 , 57.475171 , 101.513000 , 0.000000 , 1000.457400 , 0.531000 , 0.042200 , 94.670000 , 0.000000
347.500000 , 94.773000 , 5.353800 , 57.419539 , 101.721000 , -0.030000 , 1000.458400 , 0.525000 , 0.042200 , 94.580000 , 0.000000
347.875000 , 94.967000 , 5.353700 , 57.425054 , 101.918000 , -0.030000 , 1000.459400 , 0.513000 , 0.042200 , 94.589000 , 0.000000
348.250000 , 95.153000 , 5.353200 , 57.470266 , 102.108000 , -0.020000 , 1000.460300 , 0.503000 , 0.042200 , 94.665000 , 0.000000
348.625000 , 95.337000 , 5.352900 , 57.408534 , 102.296000 , 0.010000 , 1000.461200 , 0.505000 , 0.042100 , 94.564000 , 0.000000
349.000000 , 95.526000 , 5.352600 , 57.395101 , 102.488000 , 0.030000 , 1000.462100 , 0.514000 , 0.042100 , 94.543000 , 0.000000
349.375000 , 95.723000 , 5.352300 , 57.389222 , 102.689000 , 0.040000 , 1000.463100 , 0.529000 , 0.042100 , 94.536000 , 0.000000
349.750000 , 95.924000 , 5.350900 , 57.394945 , 102.894000 , 0.030000 , 1000.464100 , 0.542000 , 0.042100 , 94.548000 , 0.000000
350.125000 , 96.130000 , 5.349800 , 57.448674 , 103.104000 , 0.000000 , 1000.465200 , 0.546000 , 0.042200 , 94.640000 , 0.000000
350.500000 , 96.343000 , 5.347700 , 57.424104 , 103.321000 , -0.030000 , 1000.466200 , 0.537000 , 0.042200 , 94.606000 , 0.000000
350.875000 , 96.544000 , 5.346200 , 57.372822 , 103.526000 , -0.040000 , 1000.467200 , 0.522000 , 0.042100 , 94.526000 , 0.000000
351.250000 , 96.731000 , 5.344700 , 57.376104 , 103.717000 , -0.040000 , 1000.468200 , 0.505000 , 0.042100 , 94.537000 , 0.000000
351.625000 , 96.911000 , 5.342500 , 57.424931 , 103.901000 , -0.010000 , 1000.469100 , 0.497000 , 0.042200 , 94.624000 , 0.000000
352.000000 , 97.100000 , 5.341900 , 57.461323 , 104.093000 , 0.010000 , 1000.470100 , 0.499000 , 0.042200 , 94.686000 , 0.000000
352.375000 , 97.288000 , 5.341400 , 57.487282 , 104.285000 , 0.020000 , 1000.471100 , 0.507000 , 0.042200 , 94.729000 , 0.000000
352.750000 , 97.479000 , 5.339700 , 57.473378 , 104.480000 , 0.010000 , 1000.472000 , 0.510000 , 0.042200 , 94.710000 , 0.000000
353.125000 , 97.674000 , 5.337600 , 57.514388 , 104.679000 , 0.010000 , 1000.473100 , 0.514000 , 0.042200 , 94.787000 , 0.000000
353.500000 , 97.865000 , 5.336400 , 57.477693 , 104.874000 , 0.000000 , 1000.474000 , 0.515000 , 0.042200 , 94.730000 , 0.000000
353.875000 , 98.060000 , 5.336100 , 57.352168 , 105.072000 , 0.010000 , 1000.474900 , 0.516000 , 0.042100 , 94.524000 , 0.000000
354.312500 , 98.285000 , 5.335650 , 57.413225 , 105.301500 , 0.020000 , 1000.476050 , 0.524500 , 0.042200 , 94.626000 , 0.000000
354.687500 , 98.478500 , 5.335300 , 57.401874 , 105.499000 , 0.020000 , 1000.477000 , 0.533000 , 0.042150 , 94.608000 , 0.000000
355.000000 , 98.650000 , 5.334900 , 57.460675 , 105.674000 , 0.020000 , 1000.477900 , 0.540000 , 0.042200 , 94.706000 , 0.000000
355.375000 , 98.857000 , 5.334100 , 57.404866 , 105.885000 , -0.000000 , 1000.478900 , 0.542000 , 0.042200 , 94.617000 , 0.000000
355.750000 , 99.063000 , 5.334000 , 57.387675 , 106.095000 , -0.030000 , 1000.479900 , 0.535000 , 0.042100 , 94.589000 , 0.000000
356.125000 , 99.262000 , 5.333900 , 57.377820 , 106.298000 , -0.030000 , 1000.480800 , 0.522000 , 0.042100 , 94.573000 , 0.000000
356.500000 , 99.453000 , 5.334000 , 57.331863 , 106.493000 , -0.030000 , 1000.481700 , 0.511000 , 0.042100 , 94.498000 , 0.000000
356.875000 , 99.641000 , 5.333800 , 57.412076 , 106.685000 , -0.010000 , 1000.482700 , 0.505000 , 0.042200 , 94.630000 , 0.000000
357.250000 , 99.826000 , 5.333200 , 57.388524 , 106.873000 , 0.000000 , 1000.483600 , 0.505000 , 0.042100 , 94.593000 , 0.000000
357.625000 , 100.020000 , 5.333200 , 57.359328 , 107.071000 , -0.000000 , 1000.484600 , 0.506000 , 0.042100 , 94.545000 , 0.000000
358.062500 , 100.242500 , 5.332950 , 57.490462 , 107.298000 , 0.005000 , 1000.485750 , 0.507000 , 0.042200 , 94.762000 , 0.000000
358.500000 , 100.461000 , 5.332500 , 57.453324 , 107.521000 , 0.010000 , 1000.486800 , 0.510000 , 0.042200 , 94.702000 , 0.000000
358.875000 , 100.650000 , 5.332600 , 57.469828 , 107.713000 , 0.010000 , 1000.487700 , 0.513000 , 0.042200 , 94.729000 , 0.000000
359.250000 , 100.848000 , 5.332200 , 57.380644 , 107.915000 , 0.000000 , 1000.488600 , 0.514000 , 0.042100 , 94.584000 , 0.000000
359.625000 , 101.045000 , 5.331800 , 57.406843 , 108.116000 , -0.000000 , 1000.489600 , 0.514000 , 0.042200 , 94.627000 , 0.000000
360.000000 , 101.232000 , 5.331500 , 57.439219 , 108.307000 , -0.010000 , 1000.490600 , 0.510000 , 0.042200 , 94.682000 , 0.000000
360.375000 , 101.422000 , 5.330400 , 57.473683 , 108.501000 , -0.010000 , 1000.491600 , 0.504000 , 0.042200 , 94.744000 , 0.000000
360.750000 , 101.615000 , 5.329300 , 57.435158 , 108.697000 , -0.000000 , 1000.492500 , 0.502000 , 0.042200 , 94.682000 , 0.000000
361.125000 , 101.799000 , 5.327400 , 57.327129 , 108.885000 , 0.000000 , 1000.493400 , 0.502000 , 0.042100 , 94.512000 , 0.000000
361.500000 , 101.985000 , 5.325900 , 57.364418 , 109.075000 , 0.000000 , 1000.494400 , 0.503000 , 0.042100 , 94.576000 , 0.000000
361.937500 , 102.208500 , 5.325100 , 57.359568 , 109.303000 , 0.020000 , 1000.495450 , 0.510000 , 0.042100 , 94.570000 , 0.000000
362.375000 , 102.432000 , 5.324700 , 57.433669 , 109.531000 , 0.010000 , 1000.496600 , 0.517000 , 0.042200 , 94.693000 , 0.000000
362.750000 , 102.627000 , 5.324100 , 57.346588 , 109.729000 , -0.000000 , 1000.497500 , 0.519000 , 0.042100 , 94.552000 , 0.000000
363.125000 , 102.824000 , 5.322300 , 57.487574 , 109.930000 , -0.010000 , 1000.498600 , 0.518000 , 0.042200 , 94.790000 , 0.000000
363.500000 , 103.020000 , 5.320100 , 57.333657 , 110.130000 , -0.020000 , 1000.499500 , 0.513000 , 0.042100 , 94.542000 , 0.000000
363.875000 , 103.210000 , 5.319300 , 57.390442 , 110.324000 , -0.010000 , 1000.500500 , 0.509000 , 0.042200 , 94.639000 , 0.000000
364.250000 , 103.397000 , 5.318400 , 57.405178 , 110.515000 , -0.000000 , 1000.501500 , 0.508000 , 0.042200 , 94.667000 , 0.000000
364.625000 , 103.586000 , 5.317500 , 57.444115 , 110.707000 , -0.010000 , 1000.502500 , 0.505000 , 0.042200 , 94.734000 , 0.000000
365.000000 , 103.784000 , 5.316400 , 57.322823 , 110.909000 , -0.010000 , 1000.503400 , 0.503000 , 0.042100 , 94.537000 , 0.000000
365.375000 , 103.968000 , 5.314500 , 57.387483 , 111.097000 , -0.030000 , 1000.504400 , 0.495000 , 0.042200 , 94.650000 , 0.000000
365.750000 , 104.153000 , 5.313200 , 57.397922 , 111.285000 , -0.010000 , 1000.505300 , 0.487000 , 0.042200 , 94.671000 , 0.000000
366.187500 , 104.360000 , 5.312550 , 57.437182 , 111.496500 , 0.050000 , 1000.506350 , 0.498500 , 0.042200 , 94.737500 , 0.000000
366.625000 , 104.570000 , 5.311100 , 57.278318 , 111.711000 , 0.060000 , 1000.507300 , 0.526000 , 0.042100 , 94.481000 , 0.000000
366.937500 , 104.744500 , 5.310550 , 57.315251 , 111.888500 , 0.060000 , 1000.508200 , 0.545000 , 0.042100 , 94.542500 , 0.000000
367.250000 , 104.931000 , 5.310300 , 57.278979 , 112.079000 , 0.040000 , 1000.509100 , 0.559000 , 0.042100 , 94.484000 , 0.000000
367.625000 , 105.144000 , 5.309800 , 57.332621 , 112.296000 , -0.010000 , 1000.510200 , 0.561000 , 0.042100 , 94.574000 , 0.000000
368.000000 , 105.349000 , 5.308300 , 57.392879 , 112.505000 , -0.050000 , 1000.511300 , 0.548000 , 0.042200 , 94.678000 , 0.000000
368.375000 , 105.554000 , 5.307600 , 57.277522 , 112.714000 , -0.040000 , 1000.512200 , 0.529000 , 0.042100 , 94.489000 , 0.000000
368.750000 , 105.755000 , 5.306700 , 57.358059 , 112.919000 , -0.030000 , 1000.513300 , 0.517000 , 0.042100 , 94.625000 , 0.000000
369.125000 , 105.933000 , 5.304400 , 57.326868 , 113.101000 , -0.020000 , 1000.514200 , 0.508000 , 0.042100 , 94.583000 , 0.000000
369.500000 , 106.124000 , 5.303100 , 57.335053 , 113.295000 , 0.010000 , 1000.515200 , 0.509000 , 0.042100 , 94.599000 , 0.000000
369.875000 , 106.315000 , 5.302400 , 57.442203 , 113.490000 , 0.030000 , 1000.516200 , 0.520000 , 0.042200 , 94.778000 , 0.000000
370.250000 , 106.513000 , 5.301600 , 57.463464 , 113.692000 , 0.010000 , 1000.517200 , 0.529000 , 0.042200 , 94.815000 , 0.000000
370.625000 , 106.716000 , 5.300400 , 57.368033 , 113.899000 , -0.010000 , 1000.518200 , 0.529000 , 0.042200 , 94.661000 , 0.000000
371.000000 , 106.918000 , 5.300100 , 57.345257 , 114.105000 , -0.030000 , 1000.519100 , 0.519000 , 0.042100 , 94.625000 , 0.000000
371.375000 , 107.110000 , 5.299600 , 57.362453 , 114.301000 , -0.030000 , 1000.520100 , 0.507000 , 0.042100 , 94.655000 , 0.000000
371.750000 , 107.294000 , 5.298700 , 57.383592 , 114.488000 , -0.010000 , 1000.521000 , 0.500000 , 0.042200 , 94.692000 , 0.000000
372.125000 , 107.474000 , 5.298200 , 57.413920 , 114.672000 , 0.010000 , 1000.522000 , 0.501000 , 0.042200 , 94.744000 , 0.000000
372.562500 , 107.697500 , 5.296550 , 57.345859 , 114.900000 , 0.040000 , 1000.523050 , 0.514000 , 0.042100 , 94.635000 , 0.000000
373.000000 , 107.925000 , 5.295000 , 57.391824 , 115.132000 , 0.030000 , 1000.524200 , 0.531000 , 0.042200 , 94.718000 , 0.000000
373.312500 , 108.093000 , 5.293550 , 57.348998 , 115.303000 , 0.010000 , 1000.525050 , 0.535500 , 0.042150 , 94.651500 , 0.000000
373.625000 , 108.268000 , 5.293400 , 57.352177 , 115.482000 , -0.010000 , 1000.525900 , 0.536000 , 0.042100 , 94.657000 , 0.000000
374.000000 , 108.470000 , 5.294200 , 57.387317 , 115.688000 , -0.040000 , 1000.526900 , 0.525000 , 0.042200 , 94.713000 , 0.000000
374.375000 , 108.664000 , 5.294100 , 57.335998 , 115.885000 , -0.050000 , 1000.527800 , 0.508000 , 0.042100 , 94.628000 , 0.000000
374.812500 , 108.878000 , 5.293450 , 57.354595 , 116.103500 , -0.025000 , 1000.528900 , 0.491500 , 0.042100 , 94.661000 , 0.000000
375.250000 , 109.087000 , 5.293500 , 57.381763 , 116.317000 , 0.010000 , 1000.529900 , 0.490000 , 0.042200 , 94.706000 , 0.000000
375.625000 , 109.270000 , 5.293400 , 57.412146 , 116.503000 , 0.020000 , 1000.530900 , 0.498000 , 0.042200 , 94.756000 , 0.000000
376.000000 , 109.458000 , 5.293900 , 57.374536 , 116.695000 , -0.000000 , 1000.531700 , 0.503000 , 0.042200 , 94.693000 , 0.000000
376.375000 , 109.657000 , 5.293900 , 57.352926 , 116.898000 , -0.000000 , 1000.532700 , 0.502000 , 0.042100 , 94.656000 , 0.000000
376.750000 , 109.844000 , 5.293100 , 57.221891 , 117.089000 , -0.020000 , 1000.533600 , 0.498000 , 0.042000 , 94.443000 , 0.000000
377.187500 , 110.053500 , 5.292400 , 57.345565 , 117.302000 , -0.015000 , 1000.534650 , 0.490500 , 0.042150 , 94.649500 , 0.000000
377.625000 , 110.270000 , 5.292300 , 57.335175 , 117.523000 , 0.020000 , 1000.535700 , 0.496000 , 0.042100 , 94.632000 , 0.000000
378.000000 , 110.450000 , 5.292600 , 57.360326 , 117.707000 , 0.030000 , 1000.536600 , 0.506000 , 0.042100 , 94.673000 , 0.000000
378.375000 , 110.647000 , 5.291800 , 57.288978 , 117.908000 , 0.020000 , 1000.537600 , 0.515000 , 0.042100 , 94.556000 , 0.000000
378.750000 , 110.845000 , 5.291100 , 57.274339 , 118.109000 , 0.020000 , 1000.538500 , 0.523000 , 0.042100 , 94.536000 , 0.000000
379.125000 , 111.040000 , 5.291400 , 57.334186 , 118.308000 , -0.010000 , 1000.539500 , 0.525000 , 0.042100 , 94.634000 , 0.000000
379.500000 , 111.238000 , 5.291500 , 57.322857 , 118.510000 , -0.020000 , 1000.540500 , 0.520000 , 0.042100 , 94.615000 , 0.000000
379.875000 , 111.435000 , 5.291400 , 57.328348 , 118.711000 , -0.030000 , 1000.541500 , 0.510000 , 0.042100 , 94.624000 , 0.000000
380.250000 , 111.625000 , 5.291700 , 57.277993 , 118.905000 , -0.030000 , 1000.542300 , 0.498000 , 0.042100 , 94.540000 , 0.000000
380.625000 , 111.807000 , 5.290800 , 57.366885 , 119.090000 , -0.010000 , 1000.543300 , 0.492000 , 0.042200 , 94.690000 , 0.000000
381.062500 , 112.013500 , 5.289600 , 57.318033 , 119.301000 , 0.005000 , 1000.544350 , 0.491500 , 0.042100 , 94.613000 , 0.000000
381.500000 , 112.237000 , 5.289200 , 57.328445 , 119.529000 , 0.020000 , 1000.545400 , 0.499000 , 0.042100 , 94.631000 , 0.000000
381.875000 , 112.421000 , 5.289000 , 57.339092 , 119.716000 , 0.020000 , 1000.546400 , 0.508000 , 0.042100 , 94.649000 , 0.000000
382.250000 , 112.613000 , 5.288900 , 57.269322 , 119.912000 , -0.000000 , 1000.547200 , 0.511000 , 0.042100 , 94.535000 , 0.000000
382.625000 , 112.809000 , 5.289000 , 57.258481 , 120.112000 , -0.010000 , 1000.548200 , 0.509000 , 0.042100 , 94.516000 , 0.000000
383.000000 , 113.003000 , 5.288700 , 57.354359 , 120.310000 , -0.050000 , 1000.549200 , 0.496000 , 0.042100 , 94.675000 , 0.000000
383.375000 , 113.189000 , 5.288600 , 57.252501 , 120.500000 , -0.040000 , 1000.550100 , 0.478000 , 0.042100 , 94.508000 , 0.000000
383.812500 , 113.386000 , 5.288350 , 57.334963 , 120.700500 , -0.015000 , 1000.551100 , 0.469000 , 0.042100 , 94.645000 , 0.000000
384.250000 , 113.582000 , 5.288300 , 57.318226 , 120.900000 , 0.030000 , 1000.552000 , 0.476000 , 0.042100 , 94.617000 , 0.000000
384.625000 , 113.768000 , 5.288100 , 57.254894 , 121.090000 , 0.060000 , 1000.552900 , 0.497000 , 0.042100 , 94.513000 , 0.000000
385.000000 , 113.958000 , 5.287700 , 57.227149 , 121.284000 , 0.060000 , 1000.553800 , 0.519000 , 0.042100 , 94.469000 , 0.000000
385.375000 , 114.158000 , 5.287100 , 57.300807 , 121.488000 , 0.030000 , 1000.554900 , 0.533000 , 0.042100 , 94.592000 , 0.000000
385.750000 , 114.363000 , 5.286300 , 57.216286 , 121.697000 , 0.000000 , 1000.555800 , 0.539000 , 0.042000 , 94.455000 , 0.000000
386.125000 , 114.568000 , 5.285700 , 57.308496 , 121.906000 , -0.050000 , 1000.556900 , 0.526000 , 0.042100 , 94.609000 , 0.000000
386.500000 , 114.771000 , 5.285000 , 57.285455 , 122.113000 , -0.050000 , 1000.557900 , 0.506000 , 0.042100 , 94.573000 , 0.000000
386.875000 , 114.949000 , 5.285000 , 57.184766 , 122.294000 , -0.040000 , 1000.558700 , 0.490000 , 0.042000 , 94.407000 , 0.000000
387.312500 , 115.150500 , 5.284350 , 57.334068 , 122.500000 , -0.005000 , 1000.559800 , 0.484000 , 0.042150 , 94.655500 , 0.000000
387.750000 , 115.366000 , 5.284100 , 57.330381 , 122.720000 , 0.040000 , 1000.560900 , 0.495000 , 0.042100 , 94.650000 , 0.000000
388.125000 , 115.555000 , 5.283200 , 57.294756 , 122.912000 , 0.030000 , 1000.561800 , 0.510000 , 0.042100 , 94.593000 , 0.000000
388.500000 , 115.747000 , 5.283000 , 57.289736 , 123.108000 , 0.010000 , 1000.562700 , 0.517000 , 0.042100 , 94.587000 , 0.000000
388.875000 , 115.948000 , 5.282200 , 57.337276 , 123.313000 , -0.030000 , 1000.563800 , 0.512000 , 0.042100 , 94.666000 , 0.000000
389.250000 , 116.142000 , 5.280300 , 57.260681 , 123.511000 , -0.040000 , 1000.564700 , 0.496000 , 0.042100 , 94.545000 , 0.000000
389.625000 , 116.326000 , 5.278000 , 57.269640 , 123.698000 , -0.020000 , 1000.565700 , 0.484000 , 0.042100 , 94.569000 , 0.000000
390.062500 , 116.519000 , 5.276400 , 57.275492 , 123.895500 , 0.015000 , 1000.566650 , 0.484000 , 0.042100 , 94.584000 , 0.000000
390.500000 , 116.735000 , 5.275500 , 57.296990 , 124.116000 , 0.040000 , 1000.567800 , 0.498000 , 0.042100 , 94.623000 , 0.000000
390.875000 , 116.932000 , 5.275200 , 57.229950 , 124.316000 , 0.040000 , 1000.568700 , 0.513000 , 0.042100 , 94.513000 , 0.000000
391.250000 , 117.126000 , 5.275300 , 57.269953 , 124.514000 , 0.010000 , 1000.569700 , 0.520000 , 0.042100 , 94.578000 , 0.000000
391.625000 , 117.320000 , 5.275300 , 57.258541 , 124.712000 , -0.000000 , 1000.570600 , 0.520000 , 0.042100 , 94.559000 , 0.000000
392.000000 , 117.515000 , 5.275400 , 57.312834 , 124.911000 , -0.010000 , 1000.571600 , 0.517000 , 0.042100 , 94.649000 , 0.000000
392.375000 , 117.713000 , 5.275400 , 57.412555 , 125.113000 , -0.020000 , 1000.572600 , 0.511000 , 0.042200 , 94.814000 , 0.000000
