analysis/ctd/LTP1444_down.txt
* Sea-Bird SBE25 Data File:
* FileName = C:\Documents and Settings\Field User\Desktop\LTP1444.hex
* Software Version 1.59
* Temperature SN = 2360
* Conductivity SN = 2021
* System UpLoad Time = Oct 16 2013 13:19:51
** LTP1444
* ds
# nquan = 11                                
# nvalues = 5707                        
# units = specified
# name 0 = timeS: Time, Elapsed [seconds]
# name 1 = prSM: Pressure, Strain Gauge [db]
# name 2 = t090C: Temperature [ITS-90, deg C]
# name 3 = c0uS/cm: Conductivity [uS/cm]
# name 4 = depFM: Depth [fresh water, m], lat = 0
# name 5 = accM: Acceleration [m/s^2], WS = 2
# name 6 = density00: Density [density, kg/m^3]
# name 7 = dz/dtM: Descent Rate [m/s], WS = 2
# name 8 = sal00: Salinity, Practical [PSU]
# name 9 = specc: Specific Conductance [uS/cm]
# name 10 = flag: flag
# span 0 =      0.000,    713.250       
# span 1 =     -4.571,    150.124       
# span 2 =     5.2170,    14.1137       
# span 3 =   0.050754,  79.285942       
# span 4 =     -4.661,    153.084       
# span 5 =      -0.27,       0.44       
# span 6 =   999.2144,  1000.7325       
# span 7 =     -0.708,      0.577       
# span 8 =     0.0070,     0.0501       
# span 9 = -1.548e-24,    103.602       
# span 10 = 0.0000e+00, 0.0000e+00      
# interval = seconds: 0.125
# start_time = Oct 16 2013 13:19:51 [System UpLoad Time]
# bad_flag = -9.990e-29
*END*
[from data line 745]
439.500000 , 142.192000 , 5.225200 , 57.109463 , 150.074000 , -0.040000 , 1000.693500 , 0.508000 , 0.042000 , 94.469000 , 0.000000
439.937500 , 142.409000 , 5.225150 , 57.194429 , 150.295500 , -0.010000 , 1000.694600 , 0.499500 , 0.042050 , 94.610000 , 0.000000
440.375000 , 142.624000 , 5.225000 , 57.135813 , 150.515000 , 0.010000 , 1000.695600 , 0.502000 , 0.042000 , 94.514000 , 0.000000
440.750000 , 142.816000 , 5.224500 , 57.161346 , 150.711000 , 0.020000 , 1000.696600 , 0.510000 , 0.042000 , 94.557000 , 0.000000
441.125000 , 143.005000 , 5.224200 , 57.101845 , 150.903000 , 0.020000 , 1000.697500 , 0.519000 , 0.042000 , 94.460000 , 0.000000
441.500000 , 143.204000 , 5.224000 , 57.149731 , 151.106000 , -0.000000 , 1000.698500 , 0.522000 , 0.042000 , 94.540000 , 0.000000
441.875000 , 143.405000 , 5.223400 , 57.152092 , 151.311000 , -0.010000 , 1000.699500 , 0.520000 , 0.042000 , 94.545000 , 0.000000
442.250000 , 143.600000 , 5.223200 , 57.130305 , 151.510000 , -0.020000 , 1000.700400 , 0.513000 , 0.042000 , 94.511000 , 0.000000
442.625000 , 143.786000 , 5.222700 , 57.056826 , 151.700000 , -0.010000 , 1000.701300 , 0.509000 , 0.042000 , 94.390000 , 0.000000
443.000000 , 143.974000 , 5.222700 , 57.076562 , 151.892000 , 0.000000 , 1000.702300 , 0.508000 , 0.042000 , 94.423000 , 0.000000
443.375000 , 144.168000 , 5.222600 , 57.017247 , 152.089000 , 0.020000 , 1000.703200 , 0.513000 , 0.041900 , 94.325000 , 0.000000
443.750000 , 144.359000 , 5.222300 , 57.077929 , 152.284000 , 0.020000 , 1000.704100 , 0.519000 , 0.042000 , 94.426000 , 0.000000
444.125000 , 144.555000 , 5.222200 , 57.100306 , 152.484000 , 0.010000 , 1000.705100 , 0.525000 , 0.042000 , 94.464000 , 0.000000
444.500000 , 144.754000 , 5.222000 , 57.098821 , 152.687000 , 0.010000 , 1000.706100 , 0.528000 , 0.042000 , 94.462000 , 0.000000
444.875000 , 144.953000 , 5.222000 , 57.090811 , 152.890000 , 0.000000 , 1000.707100 , 0.529000 , 0.042000 , 94.448000 , 0.000000
445.250000 , 145.153000 , 5.222000 , 57.090327 , 153.094000 , -0.010000 , 1000.708000 , 0.525000 , 0.042000 , 94.448000 , 0.000000
445.625000 , 145.348000 , 5.221900 , 57.094878 , 153.293000 , -0.010000 , 1000.709000 , 0.521000 , 0.042000 , 94.456000 , 0.000000
446.000000 , 145.542000 , 5.221800 , 57.142565 , 153.491000 , -0.000000 , 1000.710000 , 0.520000 , 0.042000 , 94.535000 , 0.000000
446.375000 , 145.735000 , 5.221800 , 57.112584 , 153.687000 , 0.010000 , 1000.710900 , 0.522000 , 0.042000 , 94.485000 , 0.000000
446.750000 , 145.931000 , 5.222000 , 57.048439 , 153.887000 , 0.010000 , 1000.711800 , 0.524000 , 0.041900 , 94.378000 , 0.000000
447.125000 , 146.132000 , 5.222000 , 57.149418 , 154.092000 , 0.000000 , 1000.712900 , 0.525000 , 0.042000 , 94.545000 , 0.000000
447.500000 , 146.329000 , 5.221700 , 57.131734 , 154.293000 , -0.020000 , 1000.713800 , 0.518000 , 0.042000 , 94.517000 , 0.000000
447.875000 , 146.524000 , 5.221600 , 57.094278 , 154.492000 , -0.010000 , 1000.714800 , 0.512000 , 0.042000 , 94.455000 , 0.000000
448.250000 , 146.710000 , 5.221200 , 57.091103 , 154.682000 , 0.000000 , 1000.715700 , 0.511000 , 0.042000 , 94.451000 , 0.000000
448.625000 , 146.896000 , 5.221000 , 57.080252 , 154.871000 , 0.020000 , 1000.716600 , 0.516000 , 0.042000 , 94.434000 , 0.000000
449.000000 , 147.096000 , 5.220500 , 57.131010 , 155.075000 , 0.020000 , 1000.717600 , 0.524000 , 0.042000 , 94.520000 , 0.000000
449.375000 , 147.297000 , 5.219800 , 57.115464 , 155.280000 , 0.010000 , 1000.718600 , 0.530000 , 0.042000 , 94.496000 , 0.000000
449.750000 , 147.496000 , 5.219600 , 57.101496 , 155.483000 , -0.000000 , 1000.719600 , 0.530000 , 0.042000 , 94.474000 , 0.000000
450.125000 , 147.692000 , 5.219300 , 57.129244 , 155.683000 , -0.000000 , 1000.720600 , 0.529000 , 0.042000 , 94.521000 , 0.000000
450.500000 , 147.891000 , 5.219100 , 57.087449 , 155.886000 , -0.010000 , 1000.721500 , 0.526000 , 0.042000 , 94.451000 , 0.000000
450.875000 , 148.090000 , 5.218700 , 57.113902 , 156.089000 , -0.010000 , 1000.722500 , 0.523000 , 0.042000 , 94.497000 , 0.000000
451.250000 , 148.285000 , 5.218400 , 57.092471 , 156.288000 , -0.010000 , 1000.723500 , 0.518000 , 0.042000 , 94.462000 , 0.000000
451.625000 , 148.476000 , 5.218400 , 57.133325 , 156.482000 , 0.000000 , 1000.724400 , 0.518000 , 0.042000 , 94.530000 , 0.000000
452.000000 , 148.667000 , 5.218300 , 57.054644 , 156.677000 , 0.000000 , 1000.725300 , 0.519000 , 0.042000 , 94.400000 , 0.000000
452.375000 , 148.868000 , 5.218100 , 57.147253 , 156.882000 , -0.010000 , 1000.726400 , 0.517000 , 0.042000 , 94.554000 , 0.000000
452.750000 , 149.065000 , 5.217900 , 57.175937 , 157.083000 , -0.020000 , 1000.727300 , 0.511000 , 0.042000 , 94.602000 , 0.000000
453.187500 , 149.283500 , 5.217550 , 57.095766 , 157.306000 , -0.045000 , 1000.728350 , 0.496000 , 0.042000 , 94.471000 , 0.000000
453.625000 , 149.496000 , 5.217300 , 57.066038 , 157.522000 , -0.060000 , 1000.729400 , 0.474000 , 0.042000 , 94.422000 , 0.000000
454.000000 , 149.676000 , 5.217100 , 57.122297 , 157.706000 , -0.110000 , 1000.730300 , 0.441000 , 0.042000 , 94.516000 , 0.000000
454.437500 , 149.867000 , 5.217100 , 57.187824 , 157.900500 , -0.210000 , 1000.731300 , 0.365000 , 0.042050 , 94.624500 , 0.000000
